HOLEID DEPTH (m) AZIMUTH DIP
DDH0853 0 136 -65
DDH0853 7.01 136.42 -64.85
DDH0853 13.11 136.84 -64.85
DDH0853 19.2 137.26 -64.94
DDH0853 25.3 137.68 -65.13
DDH0853 31.39 138.1 -65.17
DDH0853 37.49 138.52 -65.16
DDH0853 43.59 138.97 -65.3
DDH0853 49.68 139.38 -65.29
DDH0853 55.78 139.09 -65.31
DDH0853 61.87 139.77 -64.63
DDH0853 67.97 139.98 -64.54
DDH0853 74.07 140.39 -64.37
DDH0853 80.16 139.94 -64.11
DDH0853 86.26 141.24 -63.88
DDH0853 92.35 141.46 -63.7
DDH0853 98.45 141.75 -63.56
DDH0853 104.55 141.97 -63.28
DDH0853 110.64 142.16 -63.15
DDH0853 116.74 142.07 -62.98
DDH0853 122.83 142.33 -62.74
DDH0853 128.93 142.36 -62.47
DDH0853 135.03 142.62 -62.23
DDH0853 141.12 142.98 -61.92
DDH0853 147.22 143.43 -61.29
DDH0853 153.31 144.66 -60.52
DDH0853 159.41 145.49 -59.68
DDH0853 165.51 145.69 -58.83
DDH0853 171.6 145.48 -57.77
DDH0853 177.7 145.69 -56.83
DDH0853 183.79 145.46 -56.18
DDH0853 189.89 146.4 -55.47
DDH0853 195.99 146.56 -54.81
DDH0853 202.08 146.83 -54.32
DDH0853 208.18 146.94 -53.97
DDH0853 214.27 146.96 -53.66
DDH0853 220.37 146.96 -53.59
DDH0853 226.47 147.11 -53.7
DDH0853 232.56 147.11 -53.46
DDH0853 238.66 147.31 -53.17
DDH0853 244.75 147.32 -52.93
DDH0853 250.85 147.63 -52.59
DDH0853 256.95 147.68 -52.21
DDH0853 263.04 147.97 -51.79
DDH0853 269.14 147.89 -51.49
DDH0853 275.23 147.58 -51.32
DDH0853 281.33 148.19 -50.98
DDH0854 0 132 -75
DDH0854 2.32 133 -77.08
HOLEID DEPTH (m) AZIMUTH DIP
DDH0854 4.18 134 -77.1
DDH0854 6.04 135 -76.84
DDH0854 7.9 136 -76.58
DDH0854 9.75 137 -77.06
DDH0854 11.61 138 -77.32
DDH0854 13.47 139 -77.18
DDH0854 15.33 140 -76.84
DDH0854 17.19 141 -76.92
DDH0854 19.04 142 -76.91
DDH0854 20.9 143 -76.88
DDH0854 22.76 144 -76.83
DDH0854 24.62 145 -76.72
DDH0854 26.48 146 -76.76
DDH0854 28.34 147 -76.42
DDH0854 30.19 148.97 -76.61
DDH0854 32.05 149.42 -76.55
DDH0854 33.91 149.73 -76.48
DDH0854 35.77 150.04 -76.33
DDH0854 37.63 149.69 -76.17
DDH0854 39.48 149.93 -76.03
DDH0854 41.34 150.04 -75.83
DDH0854 43.2 149.98 -75.68
DDH0854 45.06 150.06 -75.53
DDH0854 46.92 150.25 -75.5
DDH0854 48.77 150.54 -75.37
DDH0854 50.63 149.86 -75.31
DDH0854 52.49 150.42 -75.13
DDH0854 54.35 149.86 -74.9
DDH0854 56.21 149.74 -74.7
DDH0854 58.06 150.15 -74.58
DDH0854 59.92 150.43 -74.42
DDH0854 61.78 150.31 -74.22
DDH0854 63.64 150.28 -74.09
DDH0854 65.5 149.82 -73.87
DDH0854 67.35 150.5 -73.69
DDH0854 69.21 151.17 -73.63
DDH0854 71.07 151.04 -73.38
DDH0854 72.93 150.7 -73.11
DDH0854 74.79 150.09 -72.81
DDH0854 76.65 150 -72.5
DDH0854 78.5 149.95 -72.31
DDH0854 80.36 149.9 -72.34
DDH0854 82.22 149.87 -71.97
DDH0854 84.08 148.66 -71.86
DDH0854 85.94 149.69 -71.42
DDH0854 87.79 149.82 -71.35
DDH0855 0 215 -50
DDH0855 7.01 215.24 -50.42
DDH0855 13.11 215.48 -49.62
HOLEID DEPTH (m) AZIMUTH DIP
DDH0855 19.2 215.72 -49.83
DDH0855 25.3 215.96 -49.35
DDH0855 31.39 216.2 -49.61
DDH0855 37.49 216.44 -49.53
DDH0855 43.59 216.68 -48.31
DDH0855 49.68 216.92 -49.68
DDH0855 55.78 217.16 -49.61
DDH0855 61.87 217.4 -49.47
DDH0855 67.97 217.44 -49.51
DDH0855 74.07 216.55 -49.46
DDH0855 80.16 216.09 -49.39
DDH0855 86.26 215.7 -49.38
DDH0855 92.35 215.25 -49.33
DDH0855 98.45 215.02 -49.37
DDH0855 104.55 215.28 -49.34
DDH0855 110.64 215.14 -49.31
DDH0855 116.74 215.03 -49.37
DDH0855 122.83 215.37 -49.4
DDH0855 128.93 215.22 -49.34
DDH0855 135.03 215.67 -49.5
DDH0855 141.12 215.97 -49.47
DDH0855 147.22 216.01 -49.37
DDH0855 153.31 215.61 -49.29
DDH0855 159.41 215.36 -49.33
DDH0855 165.51 215.03 -49.31
DDH0855 171.6 214.86 -49.42
DDH0855 177.7 215.18 -49.49
DDH0855 183.79 215.47 -49.53
DDH0855 189.89 215.72 -49.54
DDH0855 195.99 215.79 -49.52
DDH0855 202.08 215.72 -49.55
DDH0855 208.18 215.55 -49.53
DDH0855 214.27 215.15 -49.5
DDH0855 220.37 214.93 -49.49
DDH0855 226.47 214.9 -49.59
DDH0855 232.56 214.93 -49.68
DDH0855 238.66 215.09 -49.8
DDH0855 244.75 215.39 -49.93
DDH0855 250.85 215.47 -50.02
DDH0855 256.95 215.74 -50.07
DDH0855 263.04 215.64 -50.1
DDH0855 269.14 215.93 -50.14
DDH0855 275.23 215.76 -50.09
DDH0855 281.33 215.61 -49.97
DDH0855 287.43 215.22 -49.95
DDH0855 293.52 214.89 -49.88
DDH0855 299.62 214.87 -49.85
DDH0855 305.71 214.8 -49.9
DDH0855 311.81 215.37 -49.91
HOLEID DEPTH (m) AZIMUTH DIP
DDH0855 317.91 215.47 -50
DDH0855 324 215.59 -49.98
DDH0855 330.1 215.75 -50.03
DDH0855 336.19 215.97 -50.03
DDH0855 342.29 216.06 -50.03
DDH0855 348.39 216.16 -50.07
DDH0855 354.48 216.11 -50.1
DDH0855 360.58 216.15 -50.18
DDH0855 366.67 216.73 -50.14
DDH0855 372.77 216.13 -50.02
DDH0855 378.87 216.13 -50
DDH0855 384.96 216.19 -49.96
DDH0855 391.06 216.16 -49.93
DDH0855 397.15 216.07 -49.9
DDH0855 403.25 216.16 -49.92
DDH0855 409.35 216.04 -49.89
DDH0855 415.44 215.96 -49.87
DDH0855 421.54 215.99 -49.91
DDH0855 427.63 216.07 -49.85
DDH0855 433.73 216.08 -49.87
DDH0855 439.83 215.95 -49.9
DDH0855 445.92 216.1 -49.9
DDH0855 452.02 216.04 -49.85
DDH0855 458.11 215.91 -49.83
DDH0855 464.21 215.82 -49.79
DDH0855 470.31 215.65 -49.77
DDH0855 476.4 215.59 -49.7
DDH0855 482.5 215.54 -49.67
DDH0855 488.59 215.67 -49.67
DDH0855 494.69 215.63 -49.68
DDH0855 500.79 215.58 -49.66
DDH0855 506.88 215.12 -49.58
DDH0855 512.98 215.51 -49.58
DDH0855 519.07 215.38 -49.54
DDH0855 525.17 215.41 -49.48
DDH0855 531.27 215.46 -49.48
DDH0855 537.36 215.44 -49.44
DDH0855 543.46 215.62 -49.44
DDH0855 549.55 215.7 -49.35
DDH0855 555.65 215.83 -49.25
DDH0855 561.75 215.87 -49.24
DDH0855 567.84 215.96 -49.12
DDH0855 573.94 216.08 -49.2
DDH0856 0 123 -79
DDH0856 1.52 123.86 -77.15
DDH0856 7.62 124 -77.24
DDH0856 13.72 124.14 -76.6
DDH0856 19.81 124.28 -76.88
DDH0856 25.91 124.42 -76.93
HOLEID DEPTH (m) AZIMUTH DIP
DDH0856 32 124.56 -77.1
DDH0856 38.1 124.7 -77.04
DDH0856 44.2 124.84 -77.04
DDH0856 50.29 125.14 -77.11
DDH0856 56.39 125.25 -76.97
DDH0856 62.48 125.33 -76.89
DDH0856 68.58 125.78 -76.81
DDH0856 74.68 126.24 -76.82
DDH0856 80.77 125.39 -76.73
DDH0856 86.87 125.3 -76.57
DDH0856 92.97 125.28 -76.45
DDH0856 99.06 125.43 -76.28
DDH0856 105.16 126.17 -76.14
DDH0856 111.25 126.74 -76.01
DDH0856 117.35 127.79 -75.99
DDH0856 123.45 129.12 -75.99
DDH0856 129.54 130.28 -76.02
DDH0856 135.64 130.55 -76
DDH0856 141.73 130.84 -75.96
DDH0856 147.83 130.14 -75.85
DDH0856 153.93 129.99 -75.71
DDH0856 160.02 129.76 -75.4
DDH0856 166.12 130.2 -75.17
DDH0856 172.21 130.67 -75.05
DDH0856 178.31 130.93 -74.89
DDH0856 184.41 131.06 -74.73
DDH0856 190.5 131.86 -74.65
DDH0856 196.6 132.27 -74.54
DDH0856 202.69 133.57 -74.62
DDH0856 208.79 134.39 -74.54
DDH0856 214.89 134.97 -74.49
DDH0856 220.98 135.43 -74.51
DDH0856 227.08 134.83 -74.35
DDH0856 233.17 134.69 -74.12
DDH0856 239.27 134.47 -73.87
DDH0856 245.37 134.69 -73.65
DDH0856 251.46 134.67 -73.38
DDH0856 257.56 134.99 -73.22
DDH0856 263.66 135.43 -73.01
DDH0856 269.75 136.14 -72.75
DDH0856 275.85 136.53 -72.58
DDH0856 281.94 137.64 -72.58
DDH0856 288.04 138.31 -72.5
DDH0856 294.14 139 -72.42
DDH0856 300.23 138.88 -72.36
DDH0856 306.33 139.15 -72.2
DDH0856 312.42 138.41 -71.97
DDH0856 318.52 138.47 -71.67
DDH0856 324.62 138.79 -71.49
HOLEID DEPTH (m) AZIMUTH DIP
DDH0856 330.71 139.37 -71.53
DDH0856 336.81 140.98 -71.56
DDH0856 342.9 141.41 -71.59
DDH0856 349 140.85 -71.41
DDH0856 355.1 140.4 -71.16
DDH0856 361.19 140.65 -70.98
DDH0856 367.29 142.11 -70.97
DDH0856 373.38 142.88 -70.96
DDH0856 379.48 141.79 -70.98
DDH0856 385.58 141.71 -70.72
DDH0856 391.67 142.96 -70.58
DDH0856 397.77 147.15 -70.8
DDH0856 403.86 144.18 -70.86
DDH0856 409.96 144.03 -70.59
DDH0856 416.06 145.8 -70.33
DDH0856 422.15 147.31 -70.47
DDH0856 428.25 146.79 -70.33
DDH0856 434.35 146.25 -70.06
DDH0856 440.44 147.32 -70.02
DDH0856 446.54 148.47 -70.2
DDH0857 0 143 -87
DDH0857 7.32 142.9478 -86.93
DDH0857 13.41 142.8956 -86.6
DDH0857 19.51 142.8433 -86.75
DDH0857 25.6 142.7911 -86.89
DDH0857 31.7 142.7389 -87.07
DDH0857 37.8 142.6867 -87.36
DDH0857 43.89 142.6344 -87.36
DDH0857 49.99 142.5822 -87.2
DDH0857 56.08 142.53 -87.32
DDH0857 62.18 126.34 -87.02
DDH0857 68.28 133.32 -86.99
DDH0857 74.37 122.22 -85.88
DDH0857 80.47 123.11 -85.3
DDH0857 86.56 122.35 -85.12
DDH0857 92.66 123.39 -84.99
DDH0857 98.76 126 -84.6
DDH0857 104.85 127.16 -84.35
DDH0857 110.95 128.74 -84.16
DDH0857 117.04 129.4 -83.76
DDH0857 123.14 131.34 -83.57
DDH0857 129.24 133.14 -83.25
DDH0857 135.33 133.18 -82.87
DDH0857 141.43 133.17 -82.61
DDH0857 147.52 133.49 -82.46
DDH0857 153.62 134.5 -82.3
DDH0857 159.72 134.85 -82.11
DDH0857 165.81 135.25 -82.05
DDH0857 171.91 135.32 -81.68
HOLEID DEPTH (m) AZIMUTH DIP
DDH0857 178.01 135.94 -81.46
DDH0857 184.1 137.53 -81.21
DDH0857 190.2 138.2 -81.04
DDH0857 196.29 139.5 -80.76
DDH0857 202.39 140.08 -80.74
DDH0857 208.49 140.49 -80.53
DDH0857 214.58 141.75 -80.33
DDH0857 220.68 150.15 -79.93
DDH0857 226.77 142.89 -79.87
DDH0857 232.87 142.78 -79.69
DDH0857 238.97 144.86 -79.79
DDH0857 245.06 144.8 -79.66
DDH0857 251.16 145.42 -79.56
DDH0857 257.25 145.68 -79.69
DDH0857 263.35 144.94 -79.58
DDH0857 269.45 144.29 -79.39
DDH0857 275.54 144.04 -79.14
DDH0857 281.64 143.26 -78.9
DDH0857 287.73 142 -78.61
DDH0857 293.83 141.61 -78.33
DDH0857 299.93 139.91 -78.22
DDH0857 306.02 141.72 -78.01
DDH0857 312.12 142.97 -77.84
DDH0857 318.22 144.19 -77.67
DDH0857 324.31 144.78 -77.55
DDH0857 330.41 145.76 -78.89
DDH0857 336.5 143.2 -77.5
DDH0857 342.6 145.32 -77.27
DDH0857 348.7 143.53 -77.06
DDH0857 354.79 141.71 -76.62
DDH0857 360.89 141.3 -76.14
DDH0857 366.98 143.43 -75.8
DDH0857 373.08 145.04 -75.68
DDH0858 0 144 -57
DDH0858 7.32 144.59 -58.57
DDH0858 13.41 145.18 -58.93
DDH0858 19.51 145.77 -58.57
DDH0858 25.6 146.36 -58.06
DDH0858 31.7 146.95 -56.9
DDH0858 37.8 147.54 -55.62
DDH0858 43.89 148.13 -54.66
DDH0858 49.99 148.72 -53.7
DDH0858 56.08 149.31 -53.21
DDH0858 62.18 149.9 -52.86
DDH0858 68.28 150.49 -52.83
DDH0858 74.37 151.08 -52.97
DDH0858 80.47 151.67 -53.12
DDH0858 86.56 152.26 -52.74
DDH0858 92.66 152.88 -52.71
HOLEID DEPTH (m) AZIMUTH DIP
DDH0858 98.76 153.33 -52.62
DDH0858 104.85 153.5 -52.52
DDH0858 110.95 153.77 -52.42
DDH0858 117.04 153.98 -52.38
DDH0858 123.14 153.96 -52.31
DDH0858 129.24 154.19 -52.21
DDH0858 135.33 154.04 -52.14
DDH0858 141.43 154.1 -52.06
DDH0858 147.52 154.37 -51.96
DDH0858 153.62 154.63 -51.87
DDH0858 159.72 154.69 -51.86
DDH0858 165.81 154.76 -51.88
DDH0858 171.91 154.81 -51.9
DDH0858 178 154.95 -51.87
DDH0858 184.1 155.07 -51.9
DDH0858 190.2 155.21 -51.78
DDH0858 196.29 155.68 -51.76
DDH0858 202.39 155.55 -51.76
DDH0858 208.48 155.51 -51.76
DDH0858 214.58 155.74 -51.72
DDH0858 220.68 155.86 -51.71
DDH0858 226.77 155.8 -51.7
DDH0858 232.87 155.99 -51.69
DDH0858 238.96 156.06 -51.68
DDH0858 245.06 156.12 -51.69
DDH0859 0 0 90
DDH0859 10.36 0 -89.61
DDH0859 16.46 0 -88.93
DDH0859 22.56 0 -89.52
DDH0859 28.65 0 -89.69
DDH0859 34.75 0 -89.53
DDH0859 40.84 0 -89.72
DDH0859 46.94 0 -89.78
DDH0859 53.04 0 -89.71
DDH0859 59.13 0 -89.72
DDH0859 65.23 0 -89.58
DDH0859 71.32 0 -89.66
DDH0859 77.42 0 -89.77
DDH0859 83.52 0 -89.76
DDH0859 89.61 0 -89.79
DDH0859 95.71 0 -89.79
DDH0859 101.8 0 -89.83
DDH0859 107.9 0 -89.72
DDH0859 114 0 -89.73
DDH0859 120.09 0 -89.67
DDH0859 126.19 0 -89.71
DDH0859 132.28 0 -89.66
DDH0859 138.38 0 -89.18
DDH0859 144.48 148.6 -88.46
HOLEID DEPTH (m) AZIMUTH DIP
DDH0859 150.57 146.99 -87.56
DDH0859 156.67 147.1 -86.82
DDH0859 162.76 153.57 -86.35
DDH0859 168.86 156.48 -86.25
DDH0859 174.96 155.65 -86.26
DDH0859 181.05 153.75 -86.21
DDH0859 187.15 152.83 -85.97
DDH0859 193.24 152.29 -85.68
DDH0859 199.34 150.72 -85.18
DDH0859 205.44 153.56 -84.79
DDH0859 211.53 156.37 -84.78
DDH0859 217.63 156.96 -84.9
DDH0859 223.72 153.37 -84.57
DDH0859 229.82 156.81 -84.52
DDH0859 235.92 157.96 -84.63
DDH0859 242.01 158.71 -84.79
DDH0859 248.11 157.37 -84.83
DDH0859 254.2 154.97 -84.71
DDH0859 260.3 154.82 -84.39
DDH0859 266.4 157.96 -84.22
DDH0859 272.49 161.32 -84.34
DDH0859 278.59 160.08 -84.33
DDH0859 284.68 157.97 -84.44
DDH0859 290.78 155.39 -84.26
DDH0859 296.88 156.29 -84.01
DDH0859 302.97 159.81 -83.95
DDH0859 309.07 159.93 -84.08
DDH0859 315.16 158.56 -84.18
DDH0859 321.26 156.34 -84.03
DDH0859 327.36 155.9 -83.69
DDH0859 333.45 157.26 -83.45
DDH0859 339.55 160.14 -83.46
DDH0859 345.64 160.7 -83.66
DDH0859 351.74 159.64 -83.6
DDH0859 357.84 158 -83.42
DDH0859 363.93 158.9 -83.11
DDH0859 370.03 162.55 -83.06
DDH0859 376.12 161.45 -83.26
DDH0859 382.22 158.87 -82.97
DDH0859 388.32 161.03 -82.61
DDH0859 394.41 163.86 -82.59
DDH0859 400.51 160.36 -82.66
DDH0859 406.6 161.39 -82.28
DDH0859 412.7 162.18 -82.41
DDH0859 418.8 160.98 -81.95
DDH0859 424.89 164.27 -82.03
DDH0859 430.99 162.01 -82.18
DDH0859 437.08 164.97 -81.96
DDH0859 443.18 162.41 -82.02
HOLEID DEPTH (m) AZIMUTH DIP
DDH0859 449.28 162.2 -81.61
DDH0859 455.37 164.84 -81.72
DDH0859 461.47 162.39 -81.6
DDH0859 467.56 164.82 -81.21
DDH0859 473.66 165.22 -81.42
DDH0859 479.76 162.16 -81.15
DDH0859 485.85 165.14 -80.87
DDH0860 0 0 -90
DDH0860 1.52 299.14 -89.58
DDH0860 7.62 348.61 -89.76
DDH0860 13.72 262.38 -89.83
DDH0860 19.81 256.77 -89.46
DDH0860 25.91 113.13 -89.09
DDH0860 32 238.82 -89.14
DDH0860 38.1 75.4 -89.3
DDH0860 44.2 92.1 -89.5
DDH0860 50.29 335.87 -89.78
DDH0860 56.39 326.36 -89.81
DDH0860 62.48 305.22 -89.88
DDH0860 68.58 101.35 -89.77
DDH0860 74.68 105.6 -89.78
DDH0860 80.77 257.16 -89.46
DDH0860 86.87 100.57 -89.75
DDH0860 92.96 72.83 -89.79
DDH0860 99.06 100.31 -89.74
DDH0860 105.16 198.88 -89.89
DDH0860 111.25 136.88 -89.79
DDH0860 117.35 162.19 -89.75
DDH0860 123.44 160.8 -89.5
DDH0860 129.54 153.81 -89.27
DDH0860 135.64 144.99 -89.21
DDH0860 141.73 141.18 -89.18
DDH0860 147.83 142.93 -89.15
DDH0860 153.92 158.5 -89.03
DDH0860 160.02 161.23 -88.93
DDH0860 166.12 161.8 -88.72
DDH0860 172.21 160.25 -88.57
DDH0860 178.31 157.77 -88.4
DDH0860 184.4 155.75 -88.41
DDH0860 190.5 153.13 -88.4
DDH0860 196.6 151.26 -88.33
DDH0860 202.69 151.4 -88.31
DDH0860 208.79 150.99 -88.29
DDH0860 214.88 150.1 -88.31
DDH0860 220.98 152.28 -88.26
DDH0860 227.08 153 -88.15
DDH0860 233.17 157.06 -88.1
DDH0860 239.27 159.64 -87.78
DDH0860 245.36 158.12 -87.66
HOLEID DEPTH (m) AZIMUTH DIP
DDH0860 251.46 161.64 -87.57
DDH0860 257.56 158.57 -87.39
DDH0860 263.65 159.42 -87.3
DDH0860 269.75 160.08 -87.16
DDH0860 275.84 160.32 -87.1
DDH0860 281.94 159.42 -87.07
DDH0860 288.04 158.65 -86.98
DDH0860 294.13 158.15 -86.85
DDH0860 300.23 156.51 -86.73
DDH0860 306.32 155.32 -86.6
DDH0860 312.42 154.97 -86.54
DDH0860 318.52 154.73 -86.53
DDH0860 324.61 155.24 -86.56
DDH0860 330.71 155.3 -86.62
DDH0860 336.8 155.25 -86.61
DDH0860 342.9 154.55 -86.61
DDH0860 349 154.87 -86.55
DDH0860 355.09 153.98 -86.53
DDH0860 361.19 152.62 -86.51
DDH0860 367.28 152.07 -86.45
DDH0860 373.38 152.17 -86.33
DDH0860 379.48 151.6 -86.37
DDH0860 385.57 150.75 -86.26
DDH0860 391.67 151.6 -86.29
DDH0860 397.76 150.73 -86.24
DDH0860 403.86 151.4 -86.23
DDH0860 409.96 151.84 -86.17
DDH0860 416.05 151.49 -86.14
DDH0860 422.15 151.54 -86.07
DDH0860 428.24 152.3 -85.97
DDH0860 434.34 151.53 -85.97
DDH0860 440.44 152.06 -85.83
DDH0861 0 105 -66
DDH0861 0.37 105.65 -66.94
DDH0861 2.23 106.3 -67.02
DDH0861 4.09 106.95 -64.65
DDH0861 5.95 107.6 -67.07
DDH0861 7.8 108.25 -67.41
DDH0861 9.66 108.9 -67.3
DDH0861 11.52 109.55 -67.06
DDH0861 13.38 110.2 -66.74
DDH0861 15.24 110.85 -66.35
DDH0861 17.09 111.5 -65.95
DDH0861 18.95 112.15 -65.74
DDH0861 20.81 112.8 -65.64
DDH0861 22.67 113.45 -65.7
DDH0861 24.53 114.1 -65.88
DDH0861 26.38 114.75 -65.82
DDH0861 28.24 115.4 -65.84
HOLEID DEPTH (m) AZIMUTH DIP
DDH0861 30.1 116.05 -65.64
DDH0861 31.96 116.7 -65.51
DDH0861 33.82 116.88 -65.63
DDH0861 35.67 117.61 -65.4
DDH0861 37.53 117.9 -65.32
DDH0861 39.39 118.01 -65.28
DDH0861 41.25 118.66 -65.2
DDH0861 43.11 118.9 -65.13
DDH0861 44.96 119.45 -64.92
DDH0861 46.82 119.71 -64.9
DDH0861 48.68 120.09 -64.7
DDH0861 50.54 120.59 -64.52
DDH0861 52.4 120.72 -64.24
DDH0861 54.26 121.58 -64.27
DDH0861 56.11 121.85 -64.15
DDH0861 57.97 122.15 -63.94
DDH0861 59.83 122.32 -63.82
DDH0861 61.69 122.52 -63.78
DDH0861 63.55 123.12 -63.73
DDH0861 65.4 123.68 -63.57
DDH0861 67.26 123.62 -63.52
DDH0861 69.12 123.7 -63.41
DDH0861 70.98 123.82 -63.31
DDH0861 72.84 123.67 -63.24
DDH0861 74.69 123.96 -63.11
DDH0861 76.55 124.22 -62.86
DDH0861 78.41 124.77 -62.63
DDH0861 80.27 124.78 -62.33
DDH0861 82.13 125.2 -62.05
DDH0861 83.98 125.74 -61.9
DDH0862 6.06 137.68 -72.16
DDH0862 12.16 137.27 -72.63
DDH0862 18.27 136.9 -72.86
DDH0862 24.37 136.54 -72.87
DDH0862 30.46 136.93 -73.15
DDH0862 36.54 136.79 -73.14
DDH0862 42.66 136.88 -73.15
DDH0862 48.74 136.94 -73.01
DDH0862 54.85 136.91 -72.74
DDH0862 60.92 136.53 -72.75
DDH0862 67.04 136.49 -72.59
DDH0862 73.14 136.33 -72.63
DDH0862 79.25 136.62 -72.57
DDH0862 85.33 136.96 -72.5
DDH0862 91.43 137.1 -72.44
DDH0862 95.4 137.17 -72.29
DDH0862 97.51 137.13 -72.25
DDH0862 103.61 137.48 -72.01
DDH0862 109.72 137.66 -71.73
HOLEID DEPTH (m) AZIMUTH DIP
DDH0862 115.8 137.95 -71.53
DDH0862 121.88 137.84 -71.46
DDH0862 127.97 137.92 -71.34
DDH0862 134.09 137.95 -71.09
DDH0862 140.19 138.28 -70.96
DDH0862 146.28 138.56 -70.83
DDH0862 152.39 139.06 -70.73
DDH0862 158.49 139.38 -70.62
DDH0862 164.55 139.96 -70.39
DDH0862 170.68 140.56 -70.1
DDH0862 176.78 141.22 -69.85
DDH0862 182.87 142.12 -69.57
DDH0862 188.95 142.58 -69.35
DDH0862 195.05 142.94 -69.11
DDH0862 201.15 142.96 -68.81
DDH0862 207.25 143.13 -68.66
DDH0862 213.33 143.54 -68.57
DDH0862 219.45 143.88 -68.39
DDH0862 225.55 143.98 -68.35
DDH0862 231.64 144.39 -68.13
DDH0862 237.74 144.86 -67.98
DDH0862 243.82 145.09 -67.81
DDH0862 249.94 145.47 -67.72
DDH0862 256.02 145.73 -67.59
DDH0862 262.11 145.99 -67.44
DDH0862 268.2 146.32 -67.32
DDH0862 274.31 146.67 -67.19
DDH0862 280.42 146.85 -67.14
DDH0862 286.47 147.05 -67.13
DDH0862 292.57 147.02 -67.15
DDH0862 298.7 147.1 -67.02
DDH0862 304.79 147.3 -66.95
DDH0862 309.83 147.45 -66.92
DDH0863 0 91.46 -65.61
DDH0863 6.09 90.41 -65.03
DDH0863 12.16 90.67 -64.77
DDH0863 18.23 91.23 -64.73
DDH0863 24.38 92.45 -64.68
DDH0863 30.47 93.6 -64.74
DDH0863 36.56 94.47 -64.74
DDH0863 42.62 95.44 -64.66
DDH0863 48.72 96.98 -64.47
DDH0863 54.86 98.13 -64.27
DDH0863 60.92 99.42 -63.88
DDH0863 66.99 100.6 -63.6
DDH0863 73.14 101.34 -63.33
DDH0863 79.25 101.71 -63.12
DDH0863 85.34 101.89 -63.04
DDH0863 91.43 101.96 -63.05
HOLEID DEPTH (m) AZIMUTH DIP
DDH0863 97.51 102.11 -62.99
DDH0863 103.6 102.15 -62.96
DDH0863 109.71 102.27 -62.92
DDH0863 115.8 102.66 -62.85
DDH0863 121.9 103.09 -62.77
DDH0863 128.01 103.4 -62.72
DDH0863 134.1 103.81 -62.62
DDH0863 140.21 104.31 -62.52
DDH0863 146.25 104.58 -62.46
DDH0863 152.37 104.98 -62.47
DDH0863 158.46 105.53 -62.34
DDH0863 164.59 105.96 -62.28
DDH0863 170.64 106.38 -62.26
DDH0863 176.76 106.68 -62.23
DDH0863 182.85 107.07 -62.2
DDH0863 188.97 107.46 -62.09
DDH0863 195.06 107.6 -61.98
DDH0863 201.17 107.65 -61.89
DDH0863 206.35 107.85 -61.87
DDH0863 206.41 107.84 -61.76
DDH0863 207.27 107.85 -61.75
DDH0863 213.36 108.2 -61.65
DDH0863 219.46 108.31 -61.59
DDH0863 225.52 108.6 -61.49
DDH0863 231.62 108.81 -61.39
DDH0863 237.72 108.91 -61.33
DDH0863 243.81 109.08 -61.25
DDH0863 249.89 109.35 -61.21
DDH0863 256.03 109.43 -61.16
DDH0863 257.26 109.43 -61.16
DDH0864 6.05 122.18 -64.83
DDH0864 12.17 122.01 -65.26
DDH0864 18.29 121.89 -64.73
DDH0864 24.38 121.76 -63.94
DDH0864 30.48 121.51 -64.12
DDH0864 36.56 120.95 -63.79
DDH0864 42.66 120.87 -63.24
DDH0864 48.75 121.07 -62.93
DDH0864 54.75 120.26 -62.8
DDH0864 54.85 121.08 -62.84
DDH0864 60.94 121.59 -62.55
DDH0864 67.04 122.14 -62.28
DDH0864 73.13 122.59 -62.06
DDH0864 79.24 123.02 -61.85
DDH0864 85.31 123.56 -61.61
DDH0864 91.41 123.87 -61.41
DDH0864 97.51 124.2 -61.28
DDH0864 103.63 125.04 -60.72
DDH0864 109.7 125.97 -60.05
HOLEID DEPTH (m) AZIMUTH DIP
DDH0864 111.17 126.26 -59.83
DDH0865 6.09 267.89 -66.33
DDH0865 12.17 268.16 -66.33
DDH0865 18.27 268.14 -66.45
DDH0865 24.36 268.22 -66.56
DDH0865 30.45 268.71 -66.55
DDH0865 36.54 268.85 -66.5
DDH0865 42.64 268.61 -66.55
DDH0865 48.73 268.13 -66.27
DDH0865 54.86 267.46 -66.14
DDH0865 60.95 267.17 -66.02
DDH0865 67.04 266.79 -65.82
DDH0865 70.36 266.41 -65.77
DDH0866 0 167.94 -59.06
DDH0866 0.05 167.96 -59
DDH0866 6.03 168.29 -58.65
DDH0866 12.19 168.26 -58.88
DDH0866 18.26 167.57 -58.86
DDH0866 24.34 167.32 -58.52
DDH0866 30.46 167.09 -58.13
DDH0866 36.57 166.41 -58.94
DDH0866 42.64 165.77 -58.51
DDH0866 48.72 165.37 -57.91
DDH0866 54.86 164.96 -57.55
DDH0866 60.91 164.9 -57.23
DDH0866 67 164.81 -56.76
DDH0866 73.1 164.83 -56.48
DDH0866 79.19 164.95 -56.15
DDH0866 85.33 165.4 -55.78
DDH0866 91.44 165.65 -55.26
DDH0866 97.54 165.73 -54.8
DDH0866 103.59 166.02 -54.58
DDH0866 109.72 166.24 -54.27
DDH0866 112.26 166.34 -54.19
DDH0867 0 47.83 -67.24
DDH0867 6.09 46.66 -67.57
DDH0867 12.14 46.47 -66.91
DDH0867 18.28 47.37 -66.75
DDH0867 24.37 47.32 -67.07
DDH0867 30.45 46.84 -67.25
DDH0867 36.53 47.44 -67.38
DDH0867 42.65 48.33 -67.51
DDH0867 48.72 49.67 -67.69
DDH0867 54.8 51.43 -67.81
DDH0867 60.89 53.15 -67.82
DDH0867 67.06 54.86 -67.73
DDH0867 69.4 55.33 -67.65
DDH0868 0 123.34 -72.16
DDH0868 6.07 123.41 -71.93
HOLEID DEPTH (m) AZIMUTH DIP
DDH0868 12.18 123.41 -71.23
DDH0868 18.26 123.54 -71.43
DDH0868 24.34 123.89 -71.42
DDH0868 30.42 124.43 -71.21
DDH0868 36.57 124.48 -71
DDH0868 42.67 124.77 -70.91
DDH0868 48.76 125.72 -70.71
DDH0868 54.86 126.3 -70.44
DDH0868 60.9 127.14 -70.09
DDH0868 67 127.85 -69.82
DDH0868 72.75 128.25 -69.57
DDH0869 0 153.48 -73.82
DDH0869 6.07 153.05 -73.66
DDH0869 12.15 153.03 -73.18
DDH0869 18.28 153.36 -72.8
DDH0869 24.36 153.05 -73.24
DDH0869 30.46 152.6 -73.58
DDH0869 36.55 153.27 -73.32
DDH0869 42.67 154.01 -73.15
DDH0869 48.77 154.07 -73.09
DDH0869 54.86 154.2 -73.13
DDH0869 60.95 154.22 -73.25
DDH0869 67.05 154.67 -73.2
DDH0869 73.11 155.59 -72.95
DDH0869 79.25 155.49 -72.79
DDH0869 85.32 154.97 -72.64
DDH0869 91.4 155.12 -72.35
DDH0869 94.46 155.03 -72.23
DDH0870 0 169.32 -67.02
DDH0870 6.07 169.33 -66.81
DDH0870 12.15 170.08 -65.9
DDH0870 18.22 169.82 -65.27
DDH0870 24.35 169.68 -65.82
DDH0870 30.43 170.26 -66.01
DDH0870 36.52 170.32 -65.63
DDH0870 42.61 170.68 -65.45
DDH0870 48.7 170.67 -64.95
DDH0870 54.8 170.44 -64.51
DDH0870 60.94 170.5 -64.05
DDH0870 67.04 170.07 -63.51
DDH0870 72.49 169.94 -62.76
DDH0871 0.01 218.65 -65.12
DDH0871 6.06 219.34 -64.9
DDH0871 12.16 219.73 -64.82
DDH0871 18.25 219.32 -64.99
DDH0871 24.34 218.2 -65.21
DDH0871 30.47 217.79 -64.74
DDH0871 36.58 217.41 -64.65
DDH0871 37.44 217.12 -64.78
HOLEID DEPTH (m) AZIMUTH DIP
DDH0871 42.67 216.76 -65.15
DDH0871 48.75 215.87 -64.88
DDH0871 54.83 214.45 -64.64
DDH0871 60.95 212.62 -64.23
DDH0871 67.05 210.72 -63.9
DDH0871 73.14 209.03 -63.54
DDH0871 79.22 207.56 -63.37
DDH0871 85.3 206.99 -63.26
DDH0871 91.4 206.7 -63.13
DDH0871 97.54 205.43 -62.85
DDH0871 103.59 203.96 -62.5
DDH0871 109.7 203.11 -62.26
DDH0871 115.8 201.94 -62.25
DDH0871 121.92 200.51 -62.14
DDH0871 127.99 199.76 -61.91
DDH0871 131.01 199.52 -61.85
DDH0872 6.09 308.62 -74.18
DDH0872 12.18 309.73 -74.13
DDH0872 18.24 312.5 -73.88
DDH0872 24.38 312 -73.52
DDH0872 30.47 310.57 -72.87
DDH0872 36.57 310.99 -73.04
DDH0872 42.65 311.11 -73.66
DDH0872 48.77 310.43 -73.6
DDH0872 54.84 310.18 -73.69
DDH0872 60.94 308.99 -73.9
DDH0872 64.07 308.5 -73.92
DDH0873 0 170.02 -46.25
DDH0873 6.06 170.01 -47.29
DDH0873 6.73 169.83 -48.12
DDH0873 7.11 169.85 -48.26
DDH0873 7.62 170.07 -48.07
DDH0873 7.63 170.08 -47.9
DDH0873 12.18 169.73 -46.16
DDH0873 18.25 169.59 -45.39
DDH0873 22.78 169.6 -46.23
DDH0873 23.48 169.73 -46.09
DDH0873 24.17 169.74 -46.21
DDH0873 24.34 169.43 -45.81
DDH0873 24.38 170.07 -46.2
DDH0873 24.93 170.07 -46.2
DDH0873 30.47 169.12 -45.65
DDH0873 36.53 168.82 -45.48
DDH0873 42.62 168.73 -45.36
DDH0873 48.74 168.67 -45.35
DDH0873 54.82 168.59 -45.29
DDH0873 60.92 168.66 -45.22
DDH0873 67.03 168.65 -45.18
DDH0873 73.15 168.59 -45.18
HOLEID DEPTH (m) AZIMUTH DIP
DDH0873 79.25 168.56 -45
DDH0873 85.34 168.56 -45
DDH0873 91.43 168.58 -44.7
DDH0873 91.79 168.73 -44.59
DDH0874 6.07 191.49 -54.31
DDH0874 12.17 192.5 -53.56
DDH0874 18.29 192.8 -53.5
DDH0874 24.34 192.32 -53.85
DDH0874 30.43 191.9 -53.49
DDH0874 36.57 191.77 -53.57
DDH0874 42.65 191.38 -53.47
DDH0874 48.74 190.62 -53.36
DDH0874 54.82 190.02 -53.43
DDH0874 60.93 189.04 -53.36
DDH0874 67.02 188.17 -53.39
DDH0874 73.12 187.06 -53.23
DDH0874 79.22 186.98 -53.13
DDH0874 85.33 186.82 -52.99
DDH0874 87.01 186.79 -52.92
DDH0875 0 13.5 -62.42
DDH0875 6.06 13.74 -61.93
DDH0875 12.17 15.41 -61.5
DDH0875 18.27 15.51 -61.69
DDH0875 24.32 15.11 -61.74
DDH0875 30.46 15.26 -61.71
DDH0875 36.53 15.34 -61.89
DDH0875 42.62 15.83 -61.88
DDH0875 48.74 16.67 -62.14
DDH0875 54.84 17.48 -62.22
DDH0875 60.93 18.46 -62.31
DDH0875 67 19.78 -62.56
DDH0875 73.14 20.35 -62.65
DDH0875 79.18 20.91 -62.58
DDH0875 81.84 20.8 -62.45
DDH0876 6.04 158.6 -61.89
DDH0876 12.13 158.44 -62.16
DDH0876 18.25 157.93 -62.02
DDH0876 24.31 157.77 -62.02
DDH0876 30.46 157.88 -62.02
DDH0876 36.57 157.83 -61.95
DDH0876 42.66 157.48 -62.13
DDH0876 48.76 157.16 -62.14
DDH0876 54.82 157.27 -62.1
DDH0876 60.9 157.5 -61.99
DDH0876 67 157.54 -61.98
DDH0876 73.1 157.9 -62.01
DDH0876 79.23 158.14 -61.91
DDH0876 82.59 158.08 -61.81
DDH0877 4.88 345.01 -82.71
HOLEID DEPTH (m) AZIMUTH DIP
DDH0877 10.97 348.36 -82.4
DDH0877 17.07 349.2 -82.18
DDH0877 23.17 350.24 -82.06
DDH0877 29.26 350.49 -81.97
DDH0877 35.36 352.63 -81.89
DDH0877 41.45 354.27 -81.92
DDH0877 47.55 354.75 -82.05
DDH0877 53.65 356.98 -82.15
DDH0877 59.74 355.7 -82.26
DDH0877 65.84 356.32 -82.37
DDH0877 71.93 355.54 -82.53
DDH0877 78.03 354.83 -82.68
DDH0877 84.13 353.73 -82.68
DDH0877 90.22 355.98 -82.78
DDH0877 96.32 358.57 -82.87
DDH0877 102.41 358.73 -82.98
DDH0877 108.51 359.93 -83.12
DDH0878 2.13 133.45 -79.99
DDH0878 8.23 133.62 -80.12
DDH0878 14.33 133.48 -80.17
DDH0878 20.42 134.87 -79.91
DDH0878 26.52 136.63 -79.28
DDH0878 32.61 138.19 -78.63
DDH0878 38.71 138.85 -78.23
DDH0878 44.81 139.19 -77.66
DDH0878 50.9 139.29 -76.91
DDH0878 57 140.28 -76.22
DDH0878 63.09 140.64 -75.86
DDH0878 69.19 140.93 -75.67
DDH0878 75.29 141.74 -75.57
DDH0878 81.38 143.17 -75.35
DDH0879 4.88 211.38 -84.38
DDH0879 10.97 211.1 -84.11
DDH0879 17.07 217.09 -83.56
DDH0879 23.17 218.7 -83.5
DDH0879 29.26 218.77 -83.61
DDH0879 35.36 216.21 -83.6
DDH0879 41.45 214.81 -83.42
DDH0879 47.55 214.53 -83.22
DDH0879 53.65 211.98 -83
DDH0879 59.74 211.72 -82.85
DDH0879 65.84 211.02 -82.68
DDH0879 71.93 210.76 -82.47
DDH0879 78.03 210.03 -82.22
DDH0880 0 285.01 -49.85
DDH0880 6.05 284.97 -49.53
DDH0880 12.14 285.1 -49.68
DDH0880 18.26 285.59 -49.9
DDH0880 24.36 286.14 -49.91
HOLEID DEPTH (m) AZIMUTH DIP
DDH0880 30.44 286.28 -49.99
DDH0880 36.56 286.41 -50.11
DDH0880 42.67 286.4 -50.07
DDH0880 48.77 286.25 -50.12
DDH0880 54.83 285.81 -50.23
DDH0880 60.92 285.72 -50.35
DDH0880 67.04 285.72 -50.39
DDH0880 73.13 285.5 -50.35
DDH0880 79.23 285.3 -50.24
DDH0880 85.34 285.19 -50.29
DDH0880 91.42 285.13 -50.19
DDH0880 97.51 284.84 -50.21
DDH0880 103.63 284.4 -50.22
DDH0880 109.72 284.28 -50.09
DDH0880 111.56 284.19 -49.99
DDH0881 0 221.58 -65.77
DDH0881 6.06 221.41 -65.69
DDH0881 12.12 220.76 -65.66
DDH0881 18.26 219.51 -65.59
DDH0881 24.34 218.46 -65.56
DDH0881 30.48 217.61 -65.57
DDH0881 36.53 216.83 -65.48
DDH0881 42.64 216.3 -65.32
DDH0881 48.74 215.83 -65.25
DDH0881 54.84 215.24 -65.17
DDH0881 60.89 214.9 -65.09
DDH0881 67.05 213.95 -65.06
DDH0881 73.07 213.4 -64.98
DDH0881 79.23 213.46 -64.67
DDH0881 85.28 213.15 -64.34
DDH0881 91.36 212.68 -64.04
DDH0881 94.03 212.72 -63.81
DDH0882 6.08 160.2 -71.89
DDH0882 12.15 159.14 -71.81
DDH0882 18.26 158.72 -71.83
DDH0882 24.36 158.58 -71.66
DDH0882 30.48 158.22 -71.72
DDH0882 36.57 158.52 -71.6
DDH0882 42.65 157.98 -71.27
DDH0882 48.73 157.48 -70.94
DDH0882 54.83 157.49 -70.7
DDH0882 60.96 157.43 -70.56
DDH0882 67.05 157.71 -70.37
DDH0882 73.15 157.42 -70.17
DDH0882 79.22 157.44 -69.82
DDH0882 85.31 157.18 -69.41
DDH0882 91.41 157.21 -69.21
DDH0882 97.5 157.12 -68.86
DDH0882 103.61 157.35 -68.59
HOLEID DEPTH (m) AZIMUTH DIP
DDH0882 109.7 157.72 -68.27
DDH0882 115.82 158.3 -67.94
DDH0882 121.9 158.74 -67.65
DDH0882 127.97 159.1 -67.36
DDH0882 134.11 159.37 -67.1
DDH0882 140.16 159.69 -66.86
DDH0882 146.28 160.04 -66.53
DDH0882 152.4 160.27 -66.11
DDH0882 158.47 160.17 -65.83
DDH0882 164.55 160.12 -65.65
DDH0882 170.64 160.06 -65.5
DDH0882 176.78 159.78 -65.28
DDH0882 182.86 159.68 -65.14
DDH0882 188.97 159.61 -65.04
DDH0882 195.06 159.79 -64.95
DDH0882 201.16 159.64 -64.88
DDH0882 207.26 159.67 -64.84
DDH0882 213.35 159.83 -64.76
DDH0882 219.46 159.82 -64.74
DDH0882 225.53 159.94 -64.8
DDH0882 231.63 160.1 -64.8
DDH0882 237.74 160.2 -64.67
DDH0882 238.76 160.2 -64.67
DDH0883 6.0503 158.76 -75.54
DDH0883 12.1737 157.79 -75.61
DDH0883 18.2209 157.74 -75.41
DDH0883 24.3505 157.81 -75.36
DDH0883 30.4526 157.53 -75.43
DDH0883 36.5486 157.18 -75.18
DDH0883 42.6415 156.65 -75.04
DDH0883 48.7223 156.06 -74.76
DDH0883 54.8549 155.94 -74.54
DDH0883 60.9173 155.92 -74.61
DDH0883 67.0438 155.93 -74.45
DDH0883 73.0971 156.29 -74.43
DDH0883 79.2358 156.8 -74.02
DDH0883 85.2952 157.24 -73.62
DDH0883 91.4065 157.14 -73.02
DDH0883 94.0948 156.87 -72.81
DDH0884 6.04 189.52 -59.3
DDH0884 12.17 188.82 -58.98
DDH0884 18.29 188.51 -59.1
DDH0884 24.33 188.21 -58.85
DDH0884 30.46 187.86 -58.69
DDH0884 36.57 187.69 -58.35
DDH0884 42.64 187.63 -57.95
DDH0884 48.7 187.42 -57.88
DDH0884 54.83 187.24 -57.86
DDH0884 60.92 187.08 -57.92
HOLEID DEPTH (m) AZIMUTH DIP
DDH0884 67.01 187.05 -57.86
DDH0884 73.11 186.89 -57.76
DDH0884 79.2 186.73 -57.64
DDH0884 85.33 186.51 -57.61
DDH0884 91.43 186.35 -57.6
DDH0884 97.51 186.22 -57.58
DDH0884 103.56 186.1 -57.47
DDH0884 109.67 185.93 -57.56
DDH0884 115.78 185.71 -57.59
DDH0884 121.58 185.54 -57.53
DDH0885 6.09 181.28 -42.67
DDH0885 12.19 181.33 -42.44
DDH0885 18.27 180.83 -42.08
DDH0885 24.33 180.56 -41.92
DDH0885 30.47 180.44 -42.13
DDH0885 36.56 180.12 -42.2
DDH0885 42.67 179.83 -42.35
DDH0885 48.72 179.5 -42.72
DDH0885 54.86 179.26 -43.08
DDH0885 60.94 179.36 -43.25
DDH0885 67.04 179.42 -43.42
DDH0885 73.14 179.32 -43.51
DDH0885 79.22 179.2 -43.51
DDH0885 85.31 179.17 -43.63
DDH0885 91.41 179.18 -43.69
DDH0885 97.53 179.48 -43.77
DDH0885 99.36 179.52 -43.79
DDH0886 6.08 239.98 -60.27
DDH0886 12.13 239.68 -60.14
DDH0886 18.25 239.48 -60.06
DDH0886 24.38 238.99 -60.55
DDH0886 30.46 239.06 -60.85
DDH0886 36.54 239.16 -61.19
DDH0886 42.65 239.07 -61.37
DDH0886 48.72 238.65 -61.49
DDH0886 54.82 238.65 -61.48
DDH0886 60.91 238.61 -61.56
DDH0886 67 238.31 -61.61
DDH0886 73.13 238.35 -61.76
DDH0886 79.2 238.15 -61.79
DDH0886 85.29 237.55 -61.58
DDH0886 91.41 237.34 -61.57
DDH0886 97.51 236.94 -61.55
DDH0886 103.57 235.99 -61.76
DDH0886 109.67 234.1 -61.93
DDH0886 115.79 233.9 -62.02
DDH0886 121.9 233.23 -61.87
DDH0886 125.08 232.94 -61.81
DDH0887 0 168.6 -69.5
HOLEID DEPTH (m) AZIMUTH DIP
DDH0887 6.04 171.32 -68.89
DDH0887 12.18 171.13 -68.34
DDH0887 18.27 170.69 -67.79
DDH0887 24.36 170.47 -67.11
DDH0887 30.43 170.21 -66.44
DDH0887 36.55 169.64 -65.76
DDH0887 42.65 169.22 -65.03
DDH0887 48.7 168.77 -64.35
DDH0887 54.82 168.34 -63.58
DDH0887 60.91 168.12 -63.02
DDH0887 67.03 167.86 -62.79
DDH0887 73.15 167.49 -62.5
DDH0887 79.22 167.18 -62.25
DDH0887 85.32 166.74 -62.01
DDH0887 91.44 166.61 -61.89
DDH0887 97.49 166.71 -61.69
DDH0887 103.57 166.73 -61.66
DDH0887 109.68 166.79 -61.57
DDH0887 115.77 166.9 -61.56
DDH0887 121.92 166.9 -61.42
DDH0887 122.1 166.9 -61.42
DDH0888 0 179.7 -60.7
DDH0888 6.07 181.18 -59.89
DDH0888 12.17 180.84 -59.98
DDH0888 18.28 180.52 -59.83
DDH0888 24.38 180.1 -59.47
DDH0888 30.47 180.15 -59.3
DDH0888 36.54 180.55 -58.96
DDH0888 42.65 180.9 -58.56
DDH0888 48.77 180.6 -58.33
DDH0888 54.85 180.19 -58.75
DDH0888 60.94 180.46 -58.83
DDH0888 67.04 180.34 -58.75
DDH0888 73.13 180.52 -58.66
DDH0888 79.25 180.64 -58.77
DDH0888 85.31 181.02 -58.93
DDH0888 89.85 181.19 -59.02
DDH0889 0 149.1 -60.2
DDH0889 6.03 149.01 -59.97
DDH0889 12.14 148.93 -59.36
DDH0889 18.24 148.56 -58.47
DDH0889 24.35 148.53 -57.96
DDH0889 30.44 148.65 -57.54
DDH0889 36.52 148.64 -57.15
DDH0889 42.66 148.58 -56.93
DDH0889 48.73 148.47 -56.71
DDH0889 54.86 148.55 -56.52
DDH0889 60.89 148.68 -56.36
DDH0889 67 148.92 -56.25
HOLEID DEPTH (m) AZIMUTH DIP
DDH0889 73.1 149.02 -56.13
DDH0889 79.23 149.47 -56.1
DDH0889 85.29 149.64 -56.12
DDH0889 91.43 149.74 -56.12
DDH0889 97.53 149.77 -56.13
DDH0889 103.58 149.89 -56.16
DDH0889 109.7 150.06 -56.18
DDH0889 115.56 150.03 -56.12
DDH0890 0 212 -78
DDH0890 6.06 211.39 -77.81
DDH0890 12.14 209.29 -78
DDH0890 18.23 207.32 -77.78
DDH0890 24.38 204.56 -77.46
DDH0890 30.46 203.22 -77.2
DDH0890 36.52 201.91 -76.79
DDH0890 42.64 199.88 -76.3
DDH0890 48.71 197.81 -75.67
DDH0890 54.81 196.46 -74.87
DDH0890 60.91 194.82 -73.94
DDH0890 67.01 194.07 -73.17
DDH0890 73.1 193.7 -72.43
DDH0890 79.23 193.05 -71.64
DDH0890 85.34 192.47 -71.14
DDH0890 91.4 192.2 -70.61
DDH0890 97.53 192.02 -70.02
DDH0890 100.23 191.78 -69.83
DDH0891 0 190 -48
DDH0891 6.1 189.01 -47.23
DDH0891 12.19 188.66 -46.8
DDH0891 18.26 188.3 -46.77
DDH0891 24.37 188.18 -46.7
DDH0891 30.47 188.03 -46.73
DDH0891 36.57 187.96 -46.71
DDH0891 42.65 187.92 -46.71
DDH0891 48.74 187.92 -46.68
DDH0891 54.83 187.88 -46.67
DDH0891 60.96 187.96 -46.56
DDH0891 67.04 187.98 -46.48
DDH0891 73.1 187.97 -46.47
DDH0891 79.24 188.03 -46.47
DDH0891 85.34 187.98 -46.46
DDH0891 91.43 187.95 -46.4
DDH0891 97.52 187.98 -46.34
DDH0891 103.61 187.96 -46.31
DDH0891 109.7 187.9 -46.27
DDH0891 115.79 187.8 -46.25
DDH0891 118.5 187.85 -46.22
DDH0892 0 238.9 -59.5
DDH0892 6.04 239.73 -45.33
HOLEID DEPTH (m) AZIMUTH DIP
DDH0892 12.14 239.55 -45.65
DDH0892 18.23 239.7 -45.26
DDH0892 24.38 240.04 -45.43
DDH0892 30.43 239.99 -45.72
DDH0892 36.53 239.96 -46.03
DDH0892 42.65 240.62 -45.9
DDH0892 48.73 240.2 -46.42
DDH0892 54.83 240.45 -46.53
DDH0892 60.92 240.2 -46.7
DDH0892 66.99 240.07 -46.91
DDH0892 73.14 240.01 -47.12
DDH0892 79.2 239.79 -47.36
DDH0892 85.33 239.46 -47.5
DDH0892 91.36 239.07 -47.55
DDH0892 97.49 238.54 -47.66
DDH0892 103.62 238 -47.84
DDH0892 109.67 237.74 -47.89
DDH0892 115.82 237.31 -47.75
DDH0892 121.87 236.95 -47.64
DDH0892 128.01 236.42 -47.59
DDH0892 134.1 236.09 -47.49
DDH0892 140.16 235.68 -47.43
DDH0893 6.07 142.5 -45.04
DDH0893 12.14 142.71 -44.81
DDH0893 18.28 142.88 -44.67
DDH0893 24.33 143.05 -44.7
DDH0893 30.47 143.23 -44.73
DDH0893 36.52 143.43 -44.64
DDH0893 42.65 143.71 -44.58
DDH0893 48.74 144.18 -44.4
DDH0893 54.8 144.49 -44.3
DDH0893 60.94 144.87 -44.29
DDH0893 66.99 145.03 -44.21
DDH0893 73.12 145.19 -44.11
DDH0893 79.24 145.53 -43.77
DDH0893 81.16 145.55 -43.65
DDH0894 0 193 -72.2
DDH0894 6.07 193.81 -72.13
DDH0894 12.16 192.33 -72.38
DDH0894 18.25 191.33 -72.42
DDH0894 24.35 190.45 -72.27
DDH0894 30.45 189.44 -71.91
DDH0894 36.54 188.74 -71.63
DDH0894 42.66 188.24 -71.49
DDH0894 48.74 187.2 -71.27
DDH0894 54.83 185.57 -70.67
DDH0894 60.92 184.67 -70.11
DDH0894 67.03 183.6 -69.71
DDH0894 73.13 182.44 -69.37
HOLEID DEPTH (m) AZIMUTH DIP
DDH0894 79.22 181.61 -69
DDH0894 85.31 181.21 -69.02
DDH0894 90.61 181.16 -69.13
DDH0895 0 149.3 -52.2
DDH0895 6.08 151.15 -50.33
DDH0895 12.18 151.41 -50.09
DDH0895 18.27 152.02 -49.83
DDH0895 24.35 152.61 -49.13
DDH0895 30.48 152.67 -48.91
DDH0895 36.53 152.58 -48.9
DDH0895 42.65 152.6 -48.88
DDH0895 48.74 152.79 -48.82
DDH0895 54.83 152.78 -48.75
DDH0895 60.92 152.95 -48.75
DDH0895 67.04 153.2 -48.73
DDH0895 73.12 153.42 -48.68
DDH0895 79.21 153.46 -48.56
DDH0895 85.32 153.25 -48.5
DDH0895 91.43 153.23 -48.47
DDH0895 97.49 153.17 -48.46
DDH0895 103.61 153.12 -48.37
DDH0895 109.7 153.21 -48.29
DDH0895 115.8 153.04 -48.11
DDH0895 121.92 153 -48.06
DDH0895 124.21 153.01 -48.05
DDH0896 0 257.1 -72.7
DDH0896 6.05 257.6 -72.01
DDH0896 12.12 257.87 -72.05
DDH0896 18.26 258.26 -72.03
DDH0896 24.33 258.18 -72.18
DDH0896 30.46 257.84 -72.19
DDH0896 36.52 257.55 -72.24
DDH0896 42.66 256.69 -72.42
DDH0896 48.75 256.1 -72.52
DDH0896 54.81 255.82 -72.66
DDH0896 60.9 255.73 -72.72
DDH0896 67.02 255.37 -72.78
DDH0896 73.14 255.31 -72.82
DDH0896 79.21 254.7 -72.85
DDH0896 81.93 254.93 -72.84
DDH0897 0 77.5 -69.4
DDH0897 6.05 78.12 -69.52
DDH0897 12.16 78.76 -69.03
DDH0897 18.27 78.97 -69.17
DDH0897 24.38 79.05 -69.13
DDH0897 30.45 79.61 -69.11
DDH0897 36.53 80.46 -69.08
DDH0897 42.67 80.97 -69.07
DDH0897 48.72 81.42 -69.05
HOLEID DEPTH (m) AZIMUTH DIP
DDH0897 54.84 81.87 -69.08
DDH0897 60.92 82.24 -69.08
DDH0897 67 82.76 -69.11
DDH0897 73.12 83.38 -69.17
DDH0897 79.2 83.65 -69.18
DDH0897 85.34 84.19 -69.11
DDH0897 91.44 84.83 -69.11
DDH0897 97.54 85.29 -69.15
DDH0897 103.61 85.7 -69.1
DDH0897 106.25 85.79 -69.04
DDH0898 0 120.89 -67.34
DDH0898 6.06 119.73 -67.48
DDH0898 12.19 119.7 -67.41
DDH0898 18.29 120.44 -67.22
DDH0898 24.35 120.8 -67.22
DDH0898 30.48 121.54 -66.92
DDH0898 36.55 122.24 -66.67
DDH0898 42.67 122.67 -66.48
DDH0898 48.76 123.16 -66.42
DDH0898 54.86 123.84 -66.4
DDH0898 60.92 124.06 -66.3
DDH0898 67.04 124.67 -66.31
DDH0898 73.09 125.02 -66.1
DDH0898 79.23 125.28 -65.89
DDH0898 85.35 125.26 -65.65
DDH0898 91.39 125.5 -65.43
DDH0898 97.52 125.66 -65.2
DDH0898 103.6 125.9 -64.94
DDH0898 109.7 126.09 -64.66
DDH0898 115.78 126.32 -64.35
DDH0898 121.91 126.52 -64.13
DDH0898 127.99 126.87 -64
DDH0898 134.11 127.21 -63.85
DDH0898 140.14 127.42 -63.67
DDH0898 146.26 127.64 -63.61
DDH0898 152.38 127.59 -63.47
DDH0898 158.48 127.81 -63.34
DDH0898 164.53 128.13 -63.29
DDH0898 170.65 128.07 -63.21
DDH0898 176.76 128.42 -63.11
DDH0898 182.83 128.55 -63.03
DDH0898 188.92 128.67 -63.01
DDH0898 195.07 128.82 -62.91
DDH0898 201.15 129.1 -62.79
DDH0898 207.21 129.27 -62.64
DDH0898 213.31 129.54 -62.54
DDH0898 219.46 129.72 -62.49
DDH0898 225.53 129.91 -62.43
DDH0898 231.6 130.15 -62.41
HOLEID DEPTH (m) AZIMUTH DIP
DDH0898 237.68 130.4 -62.33
DDH0898 243.84 130.61 -62.24
DDH0898 249.94 130.92 -62.12
DDH0898 256 131.1 -61.98
DDH0898 256.44 131.1 -61.98
DDH0899 0 146.26 -67.19
DDH0899 6.06 146.26 -67.4
DDH0899 12.16 146.81 -67.48
DDH0899 18.29 147.31 -67.87
DDH0899 24.35 146.78 -67.9
DDH0899 30.48 146.6 -68.16
DDH0899 36.51 146.92 -68.19
DDH0899 42.65 147.42 -68.37
DDH0899 48.74 147.65 -68.31
DDH0899 54.8 147.76 -68.23
DDH0899 60.9 147.73 -68.22
DDH0899 66.99 147.57 -68.15
DDH0899 73.13 147.45 -68.1
DDH0899 79.2 147.57 -67.97
DDH0899 85.33 147.52 -67.73
DDH0899 91.42 147.76 -67.5
DDH0899 97.5 148.03 -67.24
DDH0899 103.6 148.05 -67
DDH0899 109.67 148.17 -66.79
DDH0899 115.82 148.32 -66.5
DDH0899 121.89 148.61 -66.31
DDH0899 127.97 148.51 -66.13
DDH0899 134.1 148.71 -65.86
DDH0899 140.16 148.62 -65.67
DDH0899 146.25 148.68 -65.51
DDH0899 152.37 148.86 -65.36
DDH0899 158.47 148.86 -65.3
DDH0899 164.53 148.84 -65.22
DDH0899 170.65 148.9 -65.17
DDH0899 176.79 148.97 -65.15
DDH0899 182.82 149.06 -65.02
DDH0899 188.97 149.02 -64.93
DDH0899 195.04 148.99 -64.84
DDH0899 201.1 148.99 -64.72
DDH0899 207.25 149 -64.64
DDH0899 213.36 148.92 -64.54
DDH0899 216.08 149.04 -64.45
DDH0899 217.43 149.11 -64.44
DDH0899 219.41 149.04 -64.61
DDH0899 225.49 149.22 -64.54
DDH0899 231.6 149.35 -64.43
DDH0899 237.73 149.38 -64.35
DDH0899 243.82 149.39 -64.29
DDH0899 249.94 149.39 -64.2
HOLEID DEPTH (m) AZIMUTH DIP
DDH0899 256.03 149.5 -64.18
DDH0899 262.1 149.69 -64.14
DDH0899 268.22 149.9 -64.08
DDH0899 274.25 150.12 -64.07
DDH0899 280.35 150.18 -64.08
DDH0899 286.51 150.3 -64.08
DDH0899 292.57 150.43 -64.08
DDH0899 298.66 150.37 -64.01
DDH0899 304.76 150.34 -63.9
DDH0899 306 150.34 -63.9
DDH0900 0 330.5 -47.82
DDH0900 6.1 330.41 -47.33
DDH0900 10.55 330.15 -47.35
DDH0900 10.58 330.15 -47.35
DDH0900 10.6 330.15 -47.35
DDH0900 10.63 330.15 -47.36
DDH0900 11.52 330.43 -47.37
DDH0900 11.74 330.44 -47.35
DDH0900 12.19 330.17 -46.89
DDH0900 18.23 330.28 -46.96
DDH0900 24.32 330.64 -47.23
DDH0900 30.45 331.04 -47.42
DDH0900 36.57 331.18 -47.18
DDH0900 42.65 331.28 -47.18
DDH0900 48.74 331.34 -47.19
DDH0900 54.82 331.38 -46.93
DDH0900 60.93 331.4 -46.96
DDH0900 67.04 331.44 -46.91
DDH0900 73.08 331.46 -46.93
DDH0900 79.22 331.58 -46.96
DDH0900 85.27 331.62 -46.96
DDH0900 91.39 331.64 -46.87
DDH0900 94.45 332.05 -47.19
DDH0900 94.51 332.05 -47.19
DDH0900 97.54 331.82 -46.73
DDH0900 103.55 332.03 -46.58
DDH0900 109.71 332.28 -46.53
DDH0900 115.81 332.36 -46.39
DDH0900 121.85 332.43 -46.15
DDH0900 127.94 332.5 -46
DDH0900 134.06 332.58 -45.9
DDH0900 140.21 332.6 -45.65
DDH0900 146.28 332.66 -45.51
DDH0900 152.36 332.85 -45.35
DDH0900 158.48 333.03 -45.26
DDH0900 164.57 333.11 -45.22
DDH0900 170.67 333.12 -45.06
DDH0900 176.73 333.23 -44.79
DDH0900 182.84 333.25 -44.67
HOLEID DEPTH (m) AZIMUTH DIP
DDH0900 188.96 333.34 -44.55
DDH0900 195.04 333.51 -44.39
DDH0900 201.16 333.61 -44.23
DDH0900 207.24 333.76 -44.13
DDH0900 213.3 333.87 -44.03
DDH0900 219.43 333.94 -44.04
DDH0900 225.52 333.99 -43.98
DDH0900 231.64 334.16 -43.87
DDH0900 237.74 334.25 -43.89
DDH0900 243.82 334.5 -43.86
DDH0900 249.91 334.65 -43.8
DDH0900 256.03 334.86 -43.72
DDH0900 262.07 334.98 -43.59
DDH0900 268.18 335.18 -43.49
DDH0900 274.24 335.39 -43.41
DDH0900 280.38 335.55 -43.26
DDH0900 286.48 335.55 -43.25
DDH0900 292.58 335.47 -43
DDH0900 298.64 335.53 -42.8
DDH0900 304.75 335.76 -42.69
DDH0900 310.84 335.85 -42.51
DDH0900 316.95 335.99 -42.34
DDH0900 323.04 336.12 -42.21
DDH0900 329.18 336.27 -42.03
DDH0900 335.25 336.46 -41.85
DDH0900 341.34 336.45 -41.72
DDH0900 347.42 336.59 -41.59
DDH0900 353.55 336.78 -41.49
DDH0900 359.61 336.72 -41.34
DDH0900 365.73 336.5 -41.21
DDH0900 371.78 336.3 -41.3
DDH0900 377.88 335.99 -41.26
DDH0900 383.99 335.64 -41.07
DDH0900 390.09 335.22 -40.86
DDH0900 396.21 334.93 -40.77
DDH0900 402.28 334.81 -40.75
DDH0900 408.42 334.76 -40.77
DDH0900 414.5 334.72 -40.68
DDH0900 420.56 334.64 -40.54
DDH0900 426.7 334.64 -40.45
DDH0900 432.77 334.6 -40.36
DDH0900 438.89 334.56 -40.29
DDH0900 445 334.67 -40.19
DDH0900 446.31 334.67 -40.19
DDH0901 0 127.39 -54.84
DDH0901 6.04 126.79 -54.86
DDH0901 12.18 126.24 -54.64
DDH0901 18.27 126.15 -54.67
DDH0901 24.32 126.56 -54.62
HOLEID DEPTH (m) AZIMUTH DIP
DDH0901 30.44 127.24 -54.29
DDH0901 36.56 127.92 -53.81
DDH0901 42.66 128.74 -53.19
DDH0901 48.7 129.13 -52.69
DDH0901 54.8 129.32 -52.55
DDH0901 60.95 129.62 -52.55
DDH0901 67.04 129.83 -52.4
DDH0901 73.1 129.91 -52.37
DDH0901 79.25 130.09 -52.31
DDH0901 85.32 130.22 -52.11
DDH0901 91.43 130.29 -51.93
DDH0901 97.51 130.41 -51.67
DDH0901 103.61 130.54 -51.49
DDH0901 109.7 130.8 -51.33
DDH0901 115.81 131.01 -51.08
DDH0901 121.87 131.35 -50.88
DDH0901 127.99 131.46 -50.66
DDH0901 134.07 131.78 -50.42
DDH0901 140.18 131.98 -50.17
DDH0901 146.28 132.09 -49.81
DDH0901 152.39 132.41 -49.54
DDH0901 158.48 132.53 -49.25
DDH0901 164.57 132.77 -48.91
DDH0901 170.63 132.96 -48.63
DDH0901 176.75 133.14 -48.35
DDH0901 182.88 133.29 -48.11
DDH0901 188.93 133.53 -47.84
DDH0901 195.04 133.67 -47.66
DDH0901 201.13 133.97 -47.43
DDH0901 207.26 134.26 -47.12
DDH0901 213.36 134.45 -46.89
DDH0901 219.39 134.73 -46.62
DDH0901 225.49 134.71 -46.39
DDH0901 231.59 134.94 -46.13
DDH0901 237.73 135.15 -45.91
DDH0901 243.78 135.28 -45.72
DDH0901 249.89 135.51 -45.49
DDH0901 256 135.65 -45.32
DDH0901 262.12 135.81 -45.14
DDH0901 268.21 136 -44.99
DDH0901 274.3 136.13 -44.8
DDH0901 280.41 136.32 -44.62
DDH0901 286.49 136.55 -44.43
DDH0901 292.6 136.65 -44.18
DDH0901 296.22 136.71 -44.09
DDH0902 0 178.81 -53.3
DDH0902 6.07 178.47 -53.46
DDH0902 12.18 177.92 -53.87
DDH0902 18.28 178.12 -53.5
HOLEID DEPTH (m) AZIMUTH DIP
DDH0902 24.38 178.32 -53.57
DDH0902 30.43 178.76 -54.45
DDH0902 36.53 179.58 -54.58
DDH0902 42.65 180.06 -54.53
DDH0902 48.76 180.09 -54.42
DDH0902 54.82 180.04 -54.29
DDH0902 60.96 180.08 -54.28
DDH0902 67.06 180.1 -54.16
DDH0902 73.12 180.09 -54.19
DDH0902 79.24 180 -54.26
DDH0902 85.28 180.1 -54.43
DDH0902 91.37 180.08 -54.35
DDH0902 97.5 180.05 -54.33
DDH0902 103.61 180.05 -54.34
DDH0902 109.71 180.12 -54.29
DDH0902 115.78 179.91 -54.22
DDH0902 121.92 179.78 -54.14
DDH0902 128 179.59 -54.09
DDH0902 134.1 179.52 -54.03
DDH0902 140.21 179.43 -54.03
DDH0902 146.26 179.39 -53.98
DDH0902 152.38 179.33 -53.93
DDH0902 158.49 179.43 -53.8
DDH0902 164.54 179.31 -53.74
DDH0902 170.63 179.29 -53.71
DDH0902 176.75 179.4 -53.72
DDH0902 182.84 179.28 -53.67
DDH0902 188.93 179.19 -53.65
DDH0902 195.06 179.13 -53.6
DDH0902 201.12 179.01 -53.57
DDH0902 207.26 179.01 -53.54
DDH0902 213.3 178.9 -53.57
DDH0902 219.39 178.94 -53.62
DDH0902 225.52 178.96 -53.67
DDH0902 231.65 178.94 -53.66
DDH0902 237.73 178.95 -53.66
DDH0902 243.81 178.9 -53.61
DDH0902 249.88 178.83 -53.6
DDH0902 256.04 178.81 -53.56
DDH0902 262.08 178.83 -53.54
DDH0902 268.21 178.86 -53.55
DDH0902 274.27 178.87 -53.54
DDH0902 280.4 178.86 -53.57
DDH0902 286.48 178.8 -53.51
DDH0902 287.21 178.81 -53.51
DDH0903 0 263.88 -50.12
DDH0903 0.23 263.7 -50.05
DDH0903 0.28 263.71 -50.05
DDH0903 6.06 265.4 -50.09
HOLEID DEPTH (m) AZIMUTH DIP
DDH0903 12.19 266.88 -50.13
DDH0903 18.24 266.94 -49.98
DDH0903 24.38 266.91 -49.67
DDH0903 30.44 266.79 -49.66
DDH0903 36.55 266.78 -49.59
DDH0903 42.64 266.76 -49.6
DDH0903 48.76 266.72 -49.54
DDH0903 54.85 266.71 -49.58
DDH0903 60.92 266.75 -49.42
DDH0903 66.99 266.7 -49.43
DDH0903 73.14 266.68 -49.34
DDH0903 79.21 266.74 -49.24
DDH0903 85.35 266.7 -49.21
DDH0903 91.42 266.64 -49.15
DDH0903 97.49 266.71 -49.07
DDH0903 103.58 266.72 -49.05
DDH0903 109.68 266.71 -49.11
DDH0903 115.79 266.65 -49.07
DDH0903 121.89 266.61 -49.08
DDH0903 128.01 266.53 -49.14
DDH0903 134.1 266.52 -49.22
DDH0903 137.19 266.39 -49.17
DDH0903 140.1 266.3 -49.16
DDH0904 0 289.97 -89.91
DDH0904 14.02 61.36 -89.57
DDH0904 29.26 107.19 -89.33
DDH0904 44.5 131.09 -88.98
DDH0904 59.74 136.2 -88.47
DDH0904 74.98 136.68 -88.1
DDH0904 90.22 138.08 -87.74
DDH0904 105.46 142.21 -87.55
DDH0904 120.7 146.8 -87.6
DDH0904 135.94 150.3 -87.52
DDH0904 151.18 146.21 -87.2
DDH0904 166.42 144.29 -86.82
DDH0904 181.66 146.3 -86.4
DDH0904 196.9 148.57 -85.99
DDH0904 212.14 150.32 -85.81
DDH0904 227.38 151.53 -85.54
DDH0904 242.62 150.9 -85.31
DDH0904 257.86 151.92 -85.08
DDH0904 273.1 151.56 -84.86
DDH0904 288.34 151.42 -84.66
DDH0904 303.58 151.39 -84.37
DDH0904 318.82 152.71 -84.02
DDH0904 334.06 152.93 -83.64
DDH0904 349.31 152.29 -83.34
DDH0904 364.55 153.76 -83.17
DDH0904 379.79 153.03 -82.92
HOLEID DEPTH (m) AZIMUTH DIP
DDH0904 395.03 151.21 -80.52
DDH0904 410.27 149.88 -76.18
DDH0904 425.51 147.34 -71.57
DDH0904 440.75 145.53 -68.71
DDH0904 455.99 144.21 -66.97
DDH0905 0 205.5 -62.31
DDH0905 6.07 204.49 -63.12
DDH0905 12.16 204.66 -62.37
DDH0905 18.23 205.45 -61.66
DDH0905 24.34 205.46 -62.26
DDH0905 30.45 205.8 -62.12
DDH0905 36.56 206.35 -62.03
DDH0905 42.64 207.06 -62.17
DDH0905 48.74 207.54 -62.02
DDH0905 54.86 207.81 -61.99
DDH0905 60.95 208.02 -61.76
DDH0905 67.04 208.03 -61.74
DDH0905 73.13 207.86 -61.69
DDH0905 79.2 207.8 -61.7
DDH0905 85.3 207.81 -61.8
DDH0905 91.43 207.86 -61.62
DDH0905 97.52 207.87 -61.68
DDH0905 103.57 207.66 -61.65
DDH0905 109.7 207.4 -61.66
DDH0905 115.81 207.23 -61.6
DDH0905 121.9 206.86 -61.58
DDH0905 127.99 206.35 -61.57
DDH0905 134.06 206.15 -61.62
DDH0905 140.19 205.97 -61.59
DDH0905 146.26 205.75 -61.52
DDH0905 152.38 205.46 -61.52
DDH0905 158.49 205.25 -61.59
DDH0905 164.52 205.04 -61.59
DDH0905 170.69 205 -61.6
DDH0905 176.77 204.69 -61.58
DDH0905 182.84 204.31 -61.57
DDH0905 188.92 204.16 -61.47
DDH0905 195.06 204.24 -61.4
DDH0905 201.15 204.19 -61.31
DDH0905 207.25 203.96 -61.27
DDH0905 213.31 203.77 -61.27
DDH0905 219.42 203.64 -61.27
DDH0905 225.55 203.57 -61.26
DDH0905 231.62 203.29 -61.26
DDH0905 237.72 203.11 -61.24
DDH0905 243.79 203.02 -61.25
DDH0905 249.9 202.81 -61.28
DDH0905 256.02 202.83 -61.26
DDH0905 262.11 202.65 -61.24
HOLEID DEPTH (m) AZIMUTH DIP
DDH0905 268.21 202.64 -61.23
DDH0905 274.31 202.55 -61.23
DDH0905 280.4 202.54 -61.2
DDH0905 286.45 202.57 -61.23
DDH0905 292.58 202.59 -61.24
DDH0905 298.66 202.58 -61.24
DDH0905 303.09 202.53 -61.16
DDH0906 0 146.06 -72.87
DDH0906 6.05 145.3 -72.95
DDH0906 12.13 144.78 -73.36
DDH0906 18.28 144.11 -73.23
DDH0906 24.37 144.51 -72.86
DDH0906 30.43 145.08 -72.2
DDH0906 36.54 145.2 -71.72
DDH0906 42.62 145.83 -71.31
DDH0906 48.73 146.31 -70.93
DDH0906 54.86 146.65 -70.61
DDH0906 60.94 146.81 -70.58
DDH0906 67.05 146.87 -70.47
DDH0906 73.12 146.78 -70.23
DDH0906 79.22 146.91 -70.1
DDH0906 85.31 146.98 -70.04
DDH0906 91.44 147.37 -69.93
DDH0906 97.48 147.42 -69.86
DDH0906 103.61 147.6 -69.72
DDH0906 109.67 147.8 -69.6
DDH0906 115.77 148.37 -69.52
DDH0906 121.88 148.82 -69.36
DDH0906 127.98 148.96 -69.41
DDH0906 134.07 149.04 -69.3
DDH0906 140.18 149.12 -69.13
DDH0906 146.3 149.11 -68.98
DDH0906 152.39 149.07 -68.81
DDH0906 158.46 149.15 -68.7
DDH0906 164.55 149.66 -68.55
DDH0906 170.64 150.01 -68.36
DDH0906 176.73 150.1 -68.19
DDH0906 182.84 150.26 -68.02
DDH0906 188.93 150.31 -67.79
DDH0906 195.02 150.5 -67.6
DDH0906 201.14 150.65 -67.42
DDH0906 207.24 150.56 -67.28
DDH0906 213.36 150.69 -67.22
DDH0906 219.44 150.81 -67.14
DDH0906 225.55 151.08 -67.04
DDH0906 231.62 151.03 -66.91
DDH0906 237.74 151.18 -66.82
DDH0906 243.83 151.3 -66.77
DDH0906 249.93 151.59 -66.6
HOLEID DEPTH (m) AZIMUTH DIP
DDH0906 250.68 151.59 -66.59
DDH0907 0 246.97 -45.1
DDH0907 6.07 247.44 -44.62
DDH0907 12.17 247.68 -44.33
DDH0907 18.24 247.75 -44.22
DDH0907 24.38 247.68 -44.19
DDH0907 30.44 247.58 -44.1
DDH0907 36.54 247.71 -44.02
DDH0907 42.6 247.89 -43.92
DDH0907 48.71 248.08 -43.78
DDH0907 54.83 248.17 -43.81
DDH0907 60.94 248.41 -43.69
DDH0907 67.05 248.55 -43.62
DDH0907 73.11 248.66 -43.62
DDH0907 79.21 248.71 -43.57
DDH0907 85.31 248.84 -43.49
DDH0907 91.41 248.96 -43.58
DDH0907 97.48 248.93 -43.6
DDH0907 103.61 248.95 -43.65
DDH0907 109.68 248.89 -43.65
DDH0907 115.79 249.04 -43.49
DDH0907 121.9 249.2 -43.33
DDH0907 127.99 249.28 -43.29
DDH0907 134.11 249.32 -43.28
DDH0907 137.31 249.39 -43.33
DDH0907 137.37 249.39 -43.34
DDH0907 140.15 249.44 -43.33
DDH0907 146.27 249.45 -43.28
DDH0907 149.13 249.5 -43.22
DDH0908 0 238.63 -63.95
DDH0908 6.08 238.04 -63.84
DDH0908 12.14 237.53 -63.91
DDH0908 18.27 237.39 -63.93
DDH0908 24.32 237.31 -63.96
DDH0908 30.43 237.29 -64.01
DDH0908 36.54 237.16 -64.02
DDH0908 42.66 237.24 -64.02
DDH0908 48.74 237.23 -63.99
DDH0908 54.85 237.39 -63.98
DDH0908 60.96 237.36 -63.93
DDH0908 67.04 237.45 -63.84
DDH0908 73.14 237.45 -63.8
DDH0908 79.22 237.48 -63.78
DDH0908 85.32 237.56 -63.72
DDH0908 91.4 237.51 -63.71
DDH0908 97.48 237.7 -63.72
DDH0908 103.58 237.76 -63.73
DDH0908 109.71 237.87 -63.67
DDH0908 115.77 238.02 -63.68
HOLEID DEPTH (m) AZIMUTH DIP
DDH0908 121.89 237.94 -63.73
DDH0908 127.98 238.1 -63.76
DDH0908 133.72 238.23 -63.67
DDH0909 0 218.17 -56.39
DDH0909 6.06 217.64 -56.51
DDH0909 12.16 216.65 -56.58
DDH0909 18.28 217.47 -56.07
DDH0909 24.36 218.35 -55.9
DDH0909 30.47 218.17 -56.28
DDH0909 36.56 218.51 -56.25
DDH0909 42.62 218.68 -56.06
DDH0909 48.74 218.9 -55.78
DDH0909 54.82 218.9 -55.65
DDH0909 60.94 218.98 -55.55
DDH0909 66.99 219.4 -55.61
DDH0909 73.08 220.37 -55.3
DDH0909 79.22 220.21 -54.95
DDH0909 85.31 220.08 -54.93
DDH0909 91.44 219.99 -54.96
DDH0909 97.52 219.82 -55.02
DDH0909 103.58 219.84 -54.94
DDH0909 109.67 219.49 -54.92
DDH0909 115.81 219.01 -54.9
DDH0909 121.85 218.88 -54.91
DDH0909 127.94 218.58 -54.83
DDH0909 134.07 217.95 -54.75
DDH0909 140.18 217.51 -54.75
DDH0909 146.24 216.92 -54.68
DDH0909 152.34 216.37 -54.58
DDH0909 158.43 215.81 -54.59
DDH0909 164.55 215.16 -54.58
DDH0909 170.64 214.84 -54.6
DDH0909 176.76 214.4 -54.59
DDH0909 182.87 213.93 -54.56
DDH0909 188.97 213.37 -54.72
DDH0909 195.04 212.77 -54.76
DDH0909 201.15 212.1 -54.81
DDH0909 207.23 211.42 -54.84
DDH0909 213.32 211.1 -54.82
DDH0909 219.46 210.89 -54.85
DDH0909 225.51 210.85 -54.9
DDH0909 231.63 210.71 -54.92
DDH0909 237.74 210.66 -54.91
DDH0909 243.77 210.59 -54.9
DDH0909 249.86 210.54 -54.89
DDH0909 256 210.47 -54.91
DDH0909 262.08 210.41 -54.99
DDH0909 268.19 210.36 -55.03
DDH0909 274.3 210.39 -55.06
HOLEID DEPTH (m) AZIMUTH DIP
DDH0909 280.39 210.44 -55.06
DDH0909 286.44 210.42 -55.07
DDH0909 292.61 210.47 -55.04
DDH0909 298.67 210.43 -55.05
DDH0909 304.8 210.4 -55.04
DDH0909 306.16 210.47 -55.01
DDH0909 308.61 210.51 -55.02
DDH0910 0 239.28 -37.01
DDH0910 6.05 241.26 -36.1
DDH0910 12.15 241.98 -35.71
DDH0910 18.25 242.25 -35.67
DDH0910 24.34 242.45 -35.62
DDH0910 30.47 242.42 -35.43
DDH0910 36.57 242.29 -35.54
DDH0910 42.65 242.21 -35.62
DDH0910 48.74 242.19 -35.52
DDH0910 54.86 242.49 -35.55
DDH0910 60.95 242.91 -35.63
DDH0910 67.05 242.56 -35.71
DDH0910 73.14 242 -35.65
DDH0910 79.2 242.02 -35.61
DDH0910 85.3 242.06 -35.52
DDH0910 91.44 242.17 -35.4
DDH0910 97.52 242.17 -35.49
DDH0910 103.63 242.26 -35.57
DDH0910 109.69 242.34 -35.69
DDH0910 115.77 242.43 -35.61
DDH0910 121.9 242.59 -35.53
DDH0910 127.98 242.62 -35.47
DDH0910 134.06 242.74 -35.53
DDH0910 140.18 243.03 -35.62
DDH0910 146.29 243.08 -35.83
DDH0910 152.38 243.16 -35.91
DDH0910 158.48 243.26 -36.02
DDH0910 161.54 243.36 -36.05
DDH0910 161.59 243.36 -36.06
DDH0910 164.59 243.45 -36.07
DDH0910 170.64 243.58 -36.1
DDH0910 176.79 243.64 -36.18
DDH0910 179.51 243.66 -36.16
DDH0911 7.92 321.44 -89.86
DDH0911 23.17 336.21 -89.64
DDH0911 38.41 354.6 -89.62
DDH0911 53.65 4.77 -89.46
DDH0911 68.89 16.6 -89.52
DDH0911 84.13 29.29 -89.66
DDH0911 99.37 70.16 -89.61
DDH0911 114.61 98.44 -89.33
DDH0911 129.85 115.95 -88.93
HOLEID DEPTH (m) AZIMUTH DIP
DDH0911 145.09 129.4 -88.11
DDH0911 160.33 134.03 -87.67
DDH0911 175.57 136.2 -87.49
DDH0911 190.81 135.85 -87.05
DDH0911 206.05 137.17 -86.69
DDH0911 221.29 138.07 -86.4
DDH0911 236.53 139.92 -86.25
DDH0911 251.77 139.4 -85.89
DDH0911 267.01 140.84 -85.36
DDH0911 282.25 141.06 -84.89
DDH0911 297.49 140.6 -84.45
DDH0911 312.73 141.31 -83.82
DDH0911 327.97 141.66 -83.42
DDH0911 343.21 142.4 -83.4
DDH0911 358.45 142.83 -83.45
DDH0911 373.69 143.31 -83.49
DDH0911 388.93 143.27 -83.45
DDH0911 404.17 144.57 -83.4
DDH0912 0 235.86 -49.9
DDH0912 6.06 235.36 -49.91
DDH0912 12.18 235.02 -49.9
DDH0912 18.27 234.69 -49.91
DDH0912 24.38 234.44 -49.83
DDH0912 30.41 234.01 -49.65
DDH0912 36.55 233.74 -49.66
DDH0912 42.65 233.5 -49.69
DDH0912 48.74 233.06 -49.67
DDH0912 54.84 232.58 -49.64
DDH0912 60.94 232.26 -49.66
DDH0912 67.04 232.13 -49.63
DDH0912 73.09 232.27 -49.66
DDH0912 79.2 232.15 -49.73
DDH0912 85.28 231.54 -50.17
DDH0912 91.4 231.26 -50.45
DDH0912 97.5 230.84 -50.75
DDH0912 103.59 230.45 -50.98
DDH0912 109.72 229.63 -51.23
DDH0912 115.8 228.07 -51.43
DDH0912 121.92 226.93 -51.68
DDH0912 124.19 226.7 -51.78
DDH0913 0 257.37 -29.25
DDH0913 6.07 257.72 -27.53
DDH0913 12.14 258.27 -27.17
DDH0913 18.26 258.63 -27.04
DDH0913 24.38 258.78 -27.29
DDH0913 30.47 258.81 -27.41
DDH0913 36.54 258.79 -27.1
DDH0913 42.64 258.16 -26.98
DDH0913 48.74 257.85 -27.28
HOLEID DEPTH (m) AZIMUTH DIP
DDH0913 54.83 257.46 -27.43
DDH0913 60.93 257.3 -27.63
DDH0913 67.03 257.32 -27.7
DDH0913 70.69 257.1 -27.68
DDH0913 70.74 257.09 -27.68
DDH0913 73.12 257.33 -27.73
DDH0913 79.22 257.31 -27.8
DDH0913 85.32 257.26 -27.78
DDH0913 91.42 257.17 -27.78
DDH0913 97.54 257.26 -27.77
DDH0913 103.59 257.26 -27.74
DDH0913 109.71 257.28 -27.7
DDH0913 115.82 257.26 -27.68
DDH0913 121.9 257.29 -27.65
DDH0913 128 257.28 -27.58
DDH0913 131.33 257.25 -27.64
DDH0913 131.37 257.26 -27.55
DDH0913 134.1 257.22 -27.61
DDH0913 134.26 257.2 -27.61
DDH0913 134.76 257.19 -27.62
DDH0913 134.79 257.19 -27.61
DDH0913 134.81 257.19 -27.61
DDH0913 134.98 257.19 -27.61
DDH0914 0 116.72 -89.17
DDH0914 6.1 113.63 -89.28
DDH0914 21.34 117.97 -89.11
DDH0914 36.58 123.85 -88.94
DDH0914 51.82 137.24 -88.75
DDH0914 67.06 141.55 -88.62
DDH0914 82.3 144.32 -88.48
DDH0914 97.54 145.41 -88.13
DDH0914 112.78 145.28 -87.88
DDH0914 128.02 146.76 -87.72
DDH0914 143.26 146.69 -87.53
DDH0914 158.5 147.79 -87.45
DDH0914 173.74 149.76 -87.28
DDH0914 188.98 148.5 -87.16
DDH0914 204.22 149.77 -86.96
DDH0914 219.46 150.78 -86.86
DDH0914 234.7 149.01 -86.69
DDH0914 249.94 147.35 -86.74
DDH0914 265.18 149.42 -86.62
DDH0914 280.42 147.79 -86.51
DDH0914 295.66 148.71 -86.48
DDH0914 310.9 149.35 -86.29
DDH0914 326.14 149.37 -85.52
DDH0914 341.38 149.19 -83.51
DDH0914 356.62 150.32 -81.64
DDH0914 371.86 151.1 -80.88
HOLEID DEPTH (m) AZIMUTH DIP
DDH0914 387.1 153.43 -80.49
DDH0914 402.34 153.82 -80.04
DDH0914 417.58 153.77 -79.56
DDH0914 432.82 153.28 -79.18
DDH0914 448.06 153.21 -78.57
DDH0914 463.3 152.4 -78
DDH0915 0 240.36 -42.25
DDH0915 6.07 240.26 -42.12
DDH0915 12.14 240.03 -41.98
DDH0915 18.25 239.96 -41.85
DDH0915 24.33 239.94 -41.8
DDH0915 30.46 239.91 -41.68
DDH0915 36.56 239.78 -41.66
DDH0915 42.64 239.59 -41.64
DDH0915 48.77 239.37 -41.64
DDH0915 54.84 239.13 -41.56
DDH0915 60.93 239.02 -41.51
DDH0915 67.05 239.03 -41.56
DDH0915 73.13 239.01 -41.49
DDH0915 79.2 238.5 -41.74
DDH0915 85.33 238.23 -41.82
DDH0915 91.4 237.51 -42.12
DDH0915 97.52 236.69 -42.5
DDH0915 103.61 236.22 -42.88
DDH0915 109.71 236.1 -42.69
DDH0915 115.8 235.85 -42.91
DDH0915 117.66 235.84 -42.92
DDH0916 0 123.07 -65.12
DDH0916 6.08 124.28 -64.35
DDH0916 12.19 124.13 -63.83
DDH0916 18.24 124 -63.83
DDH0916 24.37 124 -64.16
DDH0916 30.47 124.05 -64.04
DDH0916 36.57 124.27 -63.99
DDH0916 42.65 124.4 -63.7
DDH0916 48.76 124.76 -63.47
DDH0916 54.86 125 -63.09
DDH0916 60.94 125.24 -62.77
DDH0916 67.03 125.37 -62.58
DDH0916 73.15 125.23 -62.41
DDH0916 79.21 125.07 -62.32
DDH0916 85.34 125.02 -62.22
DDH0916 91.39 124.97 -62.11
DDH0916 97.51 124.93 -61.97
DDH0916 103.61 125.04 -61.98
DDH0916 109.7 125.13 -61.92
DDH0916 115.79 125.23 -61.91
DDH0916 121.9 125.08 -61.77
DDH0916 122.03 124.59 -62.16
HOLEID DEPTH (m) AZIMUTH DIP
DDH0916 122.08 124.59 -62.16
DDH0916 128.01 125.05 -61.64
DDH0916 134.06 125.19 -61.62
DDH0916 140.17 125.51 -61.53
DDH0916 146.27 125.75 -61.42
DDH0916 152.34 126.21 -61.25
DDH0916 158.44 126.67 -61.05
DDH0916 164.52 127.13 -60.8
DDH0916 170.68 127.33 -60.69
DDH0916 176.77 127.84 -60.43
DDH0916 182.85 128.32 -60.06
DDH0916 188.97 128.65 -59.78
DDH0916 195.05 128.95 -59.59
DDH0916 201.14 129.29 -59.4
DDH0916 207.25 129.59 -59.24
DDH0916 213.3 129.87 -59.06
DDH0916 219.42 130.28 -58.93
DDH0916 225.55 130.48 -58.79
DDH0916 231.63 130.55 -58.67
DDH0916 237.73 130.55 -58.68
DDH0916 243.79 130.55 -58.67
DDH0916 249.88 130.59 -58.58
DDH0916 255.99 130.93 -58.38
DDH0916 262.08 131.02 -58.22
DDH0916 268.2 131.2 -58.12
DDH0916 274.26 131.39 -58.03
DDH0916 280.39 131.75 -57.93
DDH0916 286.49 131.86 -57.7
DDH0916 292.6 132.07 -57.38
DDH0916 298.68 132.31 -57.06
DDH0916 304.77 132.47 -56.82
DDH0916 310.85 132.67 -56.57
DDH0916 316.99 132.96 -56.28
DDH0916 323.07 133.19 -56.05
DDH0916 329.17 133.34 -55.75
DDH0916 335.27 133.6 -55.46
DDH0916 341.35 133.75 -55.16
DDH0916 347.42 133.95 -54.89
DDH0916 353.53 134.13 -54.56
DDH0916 359.63 134.3 -54.29
DDH0916 365.74 134.51 -54
DDH0916 371.86 134.67 -53.74
DDH0916 377.91 134.8 -53.49
DDH0916 384 135.04 -53.22
DDH0916 390.1 135.09 -52.98
DDH0916 396.21 135.35 -52.74
DDH0916 402.3 135.59 -52.53
DDH0916 408.42 135.69 -52.33
DDH0916 414.53 135.88 -52.13
HOLEID DEPTH (m) AZIMUTH DIP
DDH0916 420.61 136.21 -51.92
DDH0916 426.69 136.35 -51.71
DDH0916 432.78 136.46 -51.53
DDH0916 438.91 136.57 -51.22
DDH0916 444.98 136.64 -50.86
DDH0916 451.06 136.76 -50.56
DDH0916 457.15 137.06 -50.1
DDH0916 463.26 137.14 -49.79
DDH0916 465.82 137.39 -49.55
DDH0916 466.4 137.4 -49.53
DDH0916 469.4 137.27 -49.52
DDH0916 475.48 137.39 -49.3
DDH0916 481.57 137.63 -49.12
DDH0916 487.66 137.75 -48.79
DDH0916 493.78 137.93 -48.38
DDH0916 499.82 138.15 -48.03
DDH0916 505.96 138.33 -47.69
DDH0916 512.01 138.36 -47.28
DDH0916 515.02 138.38 -47.27
DDH0917 0 314.75 -29.63
DDH0917 6.1 314.63 -29.67
DDH0917 12.19 314.55 -30.25
DDH0917 18.28 314.55 -30.43
DDH0917 24.37 314.32 -30.4
DDH0917 30.47 314.2 -30.45
DDH0917 36.58 314.13 -30.38
DDH0917 42.66 314.15 -30.32
DDH0917 44.59 314.07 -30.13
DDH0917 48.77 314.21 -30.08
DDH0917 54.86 314.14 -29.92
DDH0917 60.96 314.11 -29.87
DDH0917 67.05 313.98 -29.85
DDH0917 73.14 313.89 -29.79
DDH0917 79.24 314.01 -29.6
DDH0917 85.35 314.23 -29.33
DDH0917 91.44 314.45 -29.03
DDH0917 97.52 314.54 -28.88
DDH0917 103.63 314.59 -28.54
DDH0917 109.73 314.59 -28.35
DDH0917 115.83 314.59 -28.14
DDH0917 117.74 314.59 -28.09
DDH0918 0 265.82 -61.5
DDH0918 6.06 265.76 -61.27
DDH0918 12.14 265.66 -61.23
DDH0918 18.27 265.7 -61.15
DDH0918 24.37 265.26 -61.3
DDH0918 30.45 264.84 -61.28
DDH0918 36.56 264.42 -61.41
DDH0918 42.63 263.82 -61.43
HOLEID DEPTH (m) AZIMUTH DIP
DDH0918 48.74 263.12 -61.34
DDH0918 54.86 262.08 -61.51
DDH0918 60.94 261.35 -61.61
DDH0918 67.05 260.51 -61.78
DDH0918 73.09 259.89 -61.86
DDH0918 79.22 259.25 -62.02
DDH0918 85.32 258.47 -62.34
DDH0918 91.38 257.7 -62.59
DDH0918 97.51 257.22 -62.71
DDH0918 103.6 256.71 -62.88
DDH0918 109.71 256.57 -62.95
DDH0918 115.79 256.22 -63.34
DDH0918 121.88 255.63 -63.68
DDH0918 127.99 254.77 -64.3
DDH0918 134.11 253.86 -64.98
DDH0918 140.19 253.19 -65.44
DDH0918 146.3 252.31 -65.75
DDH0918 148.86 252.18 -65.82
DDH0919 0 319.13 -49.88
DDH0919 6.09 318.9 -50.07
DDH0919 12.16 319.24 -50.56
DDH0919 18.25 319.53 -50.58
DDH0919 24.38 319.68 -50.25
DDH0919 30.44 319.63 -50.49
DDH0919 36.51 319.5 -50.98
DDH0919 42.63 319.23 -51.02
DDH0919 48.74 319.33 -51.13
DDH0919 54.83 319.35 -51.11
DDH0919 60.95 319.22 -50.94
DDH0919 67.03 319.08 -50.79
DDH0919 73.11 318.88 -50.52
DDH0919 79.24 318.75 -50.22
DDH0919 85.28 318.67 -50.26
DDH0919 91.4 318.65 -50.26
DDH0919 97.5 318.63 -50.2
DDH0919 103.61 318.61 -50.21
DDH0919 109.67 318.36 -50.26
DDH0919 115.81 318.21 -50.26
DDH0919 121.87 317.92 -50.26
DDH0919 127.97 317.89 -50.27
DDH0919 134.08 317.83 -50.28
DDH0919 140.14 317.56 -50.27
DDH0919 146.24 317.51 -50.28
DDH0919 152.36 317.41 -50.3
DDH0919 158.47 317.29 -50.29
DDH0919 164.57 317.09 -50.29
DDH0919 170.64 317.03 -50.28
DDH0919 176.78 316.89 -50.25
DDH0919 182.82 316.74 -50.32
HOLEID DEPTH (m) AZIMUTH DIP
DDH0919 188.91 316.52 -50.35
DDH0919 195.05 316.45 -50.36
DDH0919 201.16 316.33 -50.39
DDH0919 207.24 316.2 -50.4
DDH0919 213.36 316.06 -50.38
DDH0919 219.44 316.02 -50.5
DDH0919 225.48 315.68 -50.61
DDH0919 231.61 315.52 -50.73
DDH0919 237.69 315.45 -50.79
DDH0919 243.8 315.46 -50.83
DDH0919 249.91 315.32 -50.86
DDH0919 256.02 315.27 -50.88
DDH0919 262.06 315.17 -50.86
DDH0919 268.18 314.99 -50.91
DDH0919 274.32 314.93 -50.94
DDH0919 280.37 314.85 -50.95
DDH0919 286.48 314.87 -51.04
DDH0919 292.59 314.77 -51.07
DDH0919 298.68 314.85 -51.12
DDH0919 304.75 314.91 -51.12
DDH0919 310.86 314.71 -51.13
DDH0919 316.99 314.53 -51.18
DDH0919 320.73 314.48 -51.18
DDH0920 0 159.92 -70.36
DDH0920 6.07 159.54 -70.21
DDH0920 12.17 159.36 -69.68
DDH0920 18.21 157.95 -68.97
DDH0920 24.31 156.44 -68.95
DDH0920 30.44 156.18 -69.01
DDH0920 36.53 156.93 -69.1
DDH0920 42.62 157.21 -69.31
DDH0920 48.69 156.89 -69.33
DDH0920 54.82 157.33 -69.22
DDH0920 60.93 157.32 -69.32
DDH0920 67.03 157.47 -69.23
DDH0920 73.12 157.67 -69.15
DDH0920 76.91 159.18 -69.35
DDH0920 76.96 159.17 -69.35
DDH0920 79.2 157.67 -69.09
DDH0920 85.31 157.88 -69.09
DDH0920 91.4 158.06 -69.08
DDH0920 97.47 158.33 -68.99
DDH0920 103.57 158.11 -68.96
DDH0920 109.68 158.11 -68.87
DDH0920 115.8 158.01 -68.83
DDH0920 121.92 158.17 -68.79
DDH0920 127.95 158.26 -68.75
DDH0920 134.09 158.3 -68.69
DDH0920 140.15 158.35 -68.62
HOLEID DEPTH (m) AZIMUTH DIP
DDH0920 146.29 158.32 -68.58
DDH0920 152.38 158.11 -68.5
DDH0920 158.49 158.16 -68.44
DDH0920 164.56 158.23 -68.41
DDH0920 170.65 158.31 -68.37
DDH0920 176.73 158.26 -68.3
DDH0920 182.84 158.21 -68.24
DDH0920 188.92 158.12 -68.17
DDH0920 195.03 158.15 -68.13
DDH0920 201.16 158.13 -68.09
DDH0920 207.26 158.21 -68.08
DDH0920 213.33 158.25 -68.02
DDH0920 219.43 158.14 -67.95
DDH0920 225.49 158.31 -67.92
DDH0920 231.63 158.23 -67.89
DDH0920 237.71 158.25 -67.86
DDH0920 243.82 158.4 -67.81
DDH0920 249.91 158.5 -67.76
DDH0920 255.99 158.21 -67.66
DDH0920 262.12 158.04 -67.55
DDH0920 268.17 158.23 -67.46
DDH0920 274.27 158.2 -67.39
DDH0920 280.35 158.33 -67.29
DDH0920 286.51 158.35 -67.23
DDH0920 292.6 158.22 -66.88
DDH0920 298.67 158.09 -66.74
DDH0920 304.75 157.98 -66.6
DDH0920 310.89 157.98 -66.46
DDH0920 316.97 157.87 -66.36
DDH0920 323.05 157.87 -66.28
DDH0920 329.12 157.92 -66.26
DDH0920 335.24 157.86 -66.19
DDH0920 341.37 157.92 -66.12
DDH0920 347.43 157.8 -66.07
DDH0920 353.55 157.92 -66.04
DDH0920 359.66 157.85 -65.97
DDH0920 365.71 158.01 -65.92
DDH0920 371.84 157.99 -65.86
DDH0920 377.92 157.96 -65.83
DDH0920 384.02 157.95 -65.75
DDH0920 390.14 158.07 -65.66
DDH0920 396.23 158.01 -65.59
DDH0920 402.33 157.97 -65.54
DDH0920 408.39 158.08 -65.46
DDH0920 414.52 158.13 -65.4
DDH0920 420.59 158.09 -65.35
DDH0920 426.72 158 -65.32
DDH0920 432.81 158.19 -65.25
DDH0920 434.61 158.19 -65.25
HOLEID DEPTH (m) AZIMUTH DIP
DDH0921 0 314.06 -43.32
DDH0921 6.06 313.91 -42.97
DDH0921 12.16 313.75 -43.02
DDH0921 18.29 313.76 -43.11
DDH0921 24.33 313.66 -43.21
DDH0921 30.44 313.45 -43.21
DDH0921 36.54 313.28 -43.36
DDH0921 42.63 313.19 -43.28
DDH0921 48.73 313.21 -43.21
DDH0921 54.86 313.23 -43.17
DDH0921 60.93 313.23 -43.21
DDH0921 67 313.27 -43.13
DDH0921 73.13 313.12 -43.06
DDH0921 79.18 312.98 -43.01
DDH0921 85.32 313.07 -43.1
DDH0921 90.26 313.17 -43.15
DDH0921 90.31 313.17 -43.15
DDH0921 91.42 313.14 -43.1
DDH0921 97.53 312.96 -43.15
DDH0921 103.61 312.86 -43.16
DDH0921 109.68 312.64 -43.31
DDH0921 115.76 312.58 -43.34
DDH0921 121.9 312.47 -43.31
DDH0921 128.01 312.36 -43.36
DDH0921 134.1 312.38 -43.4
DDH0921 136.26 312.39 -43.39
DDH0922 0 349.72 -29.86
DDH0922 6.09 349.87 -29.9
DDH0922 12.19 349.83 -30.4
DDH0922 18.29 349.73 -30.56
DDH0922 24.38 349.43 -30.76
DDH0922 30.48 349.06 -30.99
DDH0922 36.57 348.76 -30.91
DDH0922 42.67 348.67 -30.8
DDH0922 48.77 348.64 -30.8
DDH0922 54.86 348.4 -31
DDH0922 60.96 348.45 -30.78
DDH0922 67.05 348.25 -31.2
DDH0922 73.15 348.2 -31.3
DDH0922 79.24 348.18 -31.65
DDH0922 84.05 347.84 -31.54