Thickness of Paleocene Clastics in Libya
4
No.
Easting
Northing
Thickness
  1   0.0 24.0 1848
  2   2.5 20.0 1806
  3   4.0 25.0 2220
  4   1.0 11.0 2513
  5   6.0  0.0 3209
  6   5.0  2.0 3080
  7  10.0  2.0 3164
  8   8.0  7.0 2164
  9   5.5 11.0 2400
 10   4.0 14.5 2434
 11  20.0 30.0 3632
 12  27.5 26.0 3048
 13  24.0 21.0 3890
 14  11.0 17.0 2480
 15   8.0 20.5 2573
 16   5.0 23.0 2270
 17   8.0 24.5 2134
 18   3.5 29.0 1967
 19   7.0 28.5 1684
 20  19.0  1.5 2435
 21  14.0  4.0 2640
 22  16.5  8.5 2530
 23  13.5  8.0 2629
 24  11.0  9.0 2706
 25  20.0 11.5 2911
 26  11.0 13.5 2209
 27  16.0 17.0 1674
 28  14.0 12.5 2436
 29  18.5 20.5 2110
 30  17.5 23.5 1870
 31  20.0 12.5 2658
 32  22.5 16.5 2234
 33  23.0 12.5 1690
 34  29.0  8.0 3941
 35  20.5  7.0 2572
 36  21.5  3.0 1439
 37  22.5  7.5 1910
 38  26.0  5.0 2995
 39  25.0  2.5 3001
 