Barbour County Data           
3              
East (Km)           
North (Km)               
Initial Potential (Mcfpd)               
     571.50    4331.60   163
     588.38    4323.50   870
     574.02    4337.20   800
     571.45    4331.80   169
     577.93    4322.30   1233
     588.28    4323.50   600
     577.67    4329.50   370
     579.17    4325.80   293
     573.97    4337.10   169
     577.81    4329.30   275
     583.54    4328.50   933
     577.79    4322.30   6787
     572.72    4327.30   133
     588.47    4321.20   1200
     572.77    4327.20   381
     579.31    4326.10   1900
     587.40    4329.50   950
     577.17    4324.20   5500
     577.05    4324.10   3890
     583.35    4328.50   470
     579.21    4326.30   76
     578.97    4324.20   118
     573.24    4338.50   4000
     571.83    4331.90   684
     576.26    4323.40   467
     576.58    4323.00   4100
     575.93    4322.80   1500
     587.54    4329.40   1000
     579.82    4323.00   683
     589.17    4321.50   670
     571.55    4331.40   268
     577.93    4324.40   2316
     576.53    4323.40   3300
     577.59    4324.60   6500
     570.53    4332.00   1303
     575.84    4327.30   1000
     583.21    4332.60   467
     586.36    4323.30   875
     588.59    4321.10   600
     578.17    4322.40   4224
     577.36    4324.50   8245
     573.31    4338.40   1200
     570.95    4334.30   184
     584.40    4328.80   959
     575.72    4327.20   2000
     575.87    4323.70   850
     578.54    4333.10   219
     579.46    4325.60   283
     583.83    4328.60   1399
     588.23    4321.30   900
     578.50    4332.90   169
     577.54    4329.70   275
     578.66    4324.20   2477
     570.65    4332.30   431
     571.71    4332.00   244
     576.39    4322.80   820
     579.94    4322.90   839
     577.44    4338.00   850
     579.03    4325.50   1200
     577.73    4322.80   1186
     584.50    4328.60   1390
     587.82    4329.90   712
     579.23    4329.80   1356
     589.38    4323.70   800
     587.07    4333.00   900
     577.01    4327.50   2000
     578.20    4324.50   2800
     583.69    4334.70   1500
     575.85    4323.30   1469
     577.88    4324.90   492
     587.04    4328.50   492
     583.54    4334.90   490
     570.99    4334.20   311
     577.82    4329.10   539
     576.09    4324.20   5244
     575.24    4334.90   400
     586.26    4323.40   1100
     584.61    4329.20   136
     588.90    4321.80   1200
     584.39    4329.40   400
     575.83    4338.30   2000
     577.71    4323.00   2477
     588.02    4325.00   920
     577.22    4323.60   3450
     589.41    4321.50   678
     578.83    4326.40   1000
     578.78    4328.40   1710
     570.59    4331.70   200
     583.20    4328.90   959
     572.71    4338.00   947
     575.24    4334.50   6731
     580.07    4331.30   444
     576.94    4327.70   193
     577.47    4337.50   1500
     577.01    4338.00   2000
     577.63    4338.20   787
     587.18    4329.20   1237
     580.98    4332.00   200
     578.76    4325.90   150
     579.34    4329.90   1073
     576.87    4329.70   2768
     587.53    4330.10   950
     575.71    4325.30   2477
     579.11    4324.00   5175
     572.63    4339.40   769
     579.56    4337.40   1205
     576.66    4334.00   1500
     577.55    4321.90   5673
     579.70    4337.40   327
     581.24    4332.20   792
     583.88    4328.30   440
     578.59    4328.20   1299
     574.33    4337.10   400
     570.97    4332.10   134
     574.33    4337.50   189
     586.47    4328.00   1547
     572.21    4327.50   70
     577.28    4327.20   144
     588.55    4323.20   1500
     580.53    4331.70   400
     579.02    4326.60   1061
     589.53    4323.50   246
     575.68    4323.90   421
     588.13    4330.30   823
     580.78    4332.40   200
     576.54    4324.00   5750
     579.23    4324.70   1900
     580.41    4331.30   1570
     573.13    4334.80   1033
     577.86    4327.10   986
586.85    4332.90   163
     578.75    4324.70   3000
     584.88    4326.20   1594
     580.44    4328.50   989
     588.78    4323.60   1400
     577.98    4331.80   888
     586.74    4321.70   1476
     583.13    4332.80   1500
     583.33    4332.60   581
     576.15    4330.20   66
     586.69    4321.40   1975
     575.96    4322.40   1500
     584.60    4334.60   1443
     588.21    4331.50   750
     579.25    4325.20   2500
     576.61    4322.40   5537
     577.69    4327.50   2057
     580.58    4328.50   949
     575.67    4322.80   2144
     573.60    4333.00   190
     583.22    4329.20   313
     583.78    4324.00   762
     579.31    4333.40   379
     576.43    4337.80   2000
     586.15    4322.20   1087
     583.98    4334.40   2316
     577.26    4337.20   1100
     575.59    4337.90   1000
     586.85    4328.70   990
     575.73    4338.50   680
     589.21    4322.20   700
     589.00    4321.00   1500
     576.54    4329.70   30
     575.88    4330.30   232
     575.91    4325.20   2232
     573.70    4337.20   1007
     572.90    4339.00   2000
     588.27    4330.70   769
     576.23    4333.70   3000
     588.36    4325.00   1986
     577.84    4323.80   984
     575.45    4335.20   3610
     576.78    4333.70   4464
     571.11    4335.20   222
     586.91    4329.60   900
     576.30    4322.10   7428
     571.99    4327.30   320
     578.10    4329.70   452
     576.94    4323.00   3100
     577.81    4337.10   1000
     574.82    4323.40   2141
     586.70    4323.10   600
     570.70    4332.80   516
     578.51    4322.20   875
     582.94    4328.30   1061
     578.35    4323.90   3400
     575.58    4334.80   5000
     573.63    4334.80   166
     573.83    4323.40   90
     584.55    4334.80   300
     584.94    4325.80   1032
     571.96    4331.50   516
     588.91    4331.50   762
     587.09    4322.00   793
     575.19    4330.10   792
     575.28    4323.40   2000
     577.19    4329.20   345
     574.22    4323.50   2477
     578.88    4333.50   119
     573.70    4332.90   440
     587.14    4328.30   641
     575.30    4338.00   400
     577.84    4331.50   1215
     588.26    4325.50   1704
     579.72    4333.40   1500
     576.20    4327.40   1237
     573.11    4334.20   226
     577.88    4332.50   703
     580.95    4332.70   207
     579.14    4328.30   880
     576.04    4333.30   641
     576.60    4338.20   1500
     576.67    4332.90   5180
     578.77    4322.50   421
     571.22    4330.60   231
     587.97    4321.50   1000
     573.07    4338.10   2000
     577.89    4321.80   881
     587.59    4333.30   1639
     576.15    4332.90   16021
     586.44    4322.40   539
     577.61    4332.70   3500
     589.56    4322.50   850
     586.28    4328.10   1391
     584.19    4324.10   713
     588.51    4331.10   311
     573.64    4334.30   778
     580.21    4332.00   520
     574.68    4323.00   2500
     576.35    4331.00   800
     577.99    4328.60   858
     576.03    4324.50   2055
     584.56    4329.60   1008
     577.32    4321.40   2319
     577.18    4332.30   2157
     586.14    4321.70   1332
     578.14    4325.40   440
     575.04    4325.40   7000
     589.28    4324.20   620
     575.13    4325.80   2000
     573.76    4323.50   1838
     579.17    4330.70   1107
     576.90    4332.00   1312
     587.17    4332.60   43
     576.66    4329.30   350
     579.60    4323.30   610
     577.08    4333.10   2100
     587.67    4330.50   984
     588.56    4322.00   622
     579.87    4325.50   1500
     575.30    4330.50   171
     573.10    4332.00   272
     578.27    4327.20   516
     578.86    4332.80   2100
     575.27    4327.00   3700
     572.42    4338.10   110
     576.46    4332.40   1838
     587.95    4331.10   318
     572.69    4334.90   713
     580.28    4337.30   816
     588.72    4325.30   700
     572.49    4338.80   200
     574.54    4325.20   517
     584.54    4326.50   379
     586.62    4327.601122
     576.89    4337.40   1500
     573.93    4339.10   2000
     575.46    4334.00   3500
     585.49    4321.50   933
     587.79    4334.80   1183
     579.49    4322.60   913
     574.94    4330.90   1400
     578.38    4327.60   5180
     576.07    4336.00   5000
     587.04    4322.50   1400
     575.89    4329.80   382
     577.44    4328.50   212
     575.15    4334.20   1100
     579.52    4324.30   379
     579.84    4331.10   713
     578.79    4329.70   1678
     574.37    4323.00   2477
     577.85    4328.00   2500
     572.03    4336.00   492
     587.53    4325.60   582
     577.21    4326.80   2477
     571.27    4335.70   200
     588.30    4329.80   808
     587.73    4325.00   320
     576.57    4331.40   1007
     577.41    4331.60   1299
     588.44    4324.00   933
     587.84    4323.60   368
     578.37    4333.80   622
     584.98    4328.70   762
     577.79    4326.60   3156
     581.77    4331.90   1020
     589.60    4321.20   750
     570.66    4334.40   249
     570.31    4332.60   467
     588.14    4327.60   750
     584.88    4326.90   582
     576.71    4324.50   7273
     578.55    4336.80   424
     576.57    4330.80   731
     585.30    4321.30   1404
     588.14    4327.30   600
     571.75    4327.60   417
     571.20    4330.20   193
     589.69    4322.30   119
     574.49    4325.60   1300
     578.09    4330.20   730
     587.99    4332.00   787
     587.76    4331.60   787
     578.23    4325.80   12439
     574.17    4338.70   1200
     578.69    4323.00   2600
     574.50    4339.60   400
     574.72    4326.10   1500
     571.30    4334.90   492
     579.78    4322.30   386
     572.75    4334.40   306
     583.93    4323.50   978
     574.40    4326.60   141
     574.93    4326.90   7773
     584.34    4328.00   561
     575.96    4332.40   342
     588.47    4332.00   712
     573.55    4335.30   46
     576.06    4321.60   1948
     577.32    4338.40   400
     580.15    4333.10   1073
     576.00    4335.80   2000
     585.72    4322.10   291
     580.09    4339.20   539
     586.29    4329.40   678
     586.67    4330.10   207
     588.98    4322.70   561
     586.00    4329.60   1032
     588.51    4326.60   492
     576.06    4334.30   1200
     587.74    4332.80   600
     587.27    4327.50   440
     587.24    4323.50   2400
     576.15    4337.60   1647
     589.27    4325.20   700
     578.53    4329.10   1858
     578.21    4337.50   989
     583.20    4335.10   1300
     577.64    4325.30   2768
     572.03    4336.20   1100
     578.78    4331.00   1100
     574.91    4331.20   124
     578.36    4332.10   3816
     587.48    4321.70   561
     574.57    4339.10   353
     587.20    4333.70   984
     578.65    4337.30   438
     588.96    4324.70   84
     586.38    4330.50   298
     573.05    4327.30   78
     589.25    4331.30   696
     580.48    4338.80   1055
     585.31    4326.50   386
     578.28    4330.70   956
     574.83    4330.00   904
     574.41    4338.30   400
     587.37    4322.90   1500
     579.38    4331.40   10000
     589.79    4324.00   700
     574.03    4325.00   143
     574.22    4331.20   154
     571.68    4330.60   87
     574.76    4337.60   850
     579.65    4328.20   949
     584.32    4333.90   660
     582.44    4328.00   1561
     577.17    4321.30   1185
     577.28    4330.10   1525
     579.32    4330.30   300
     570.93    4331.00   1917
     576.11    4331.80   198
     583.49    4323.70   424
     571.75    4338.70   267
     587.68    4333.70   1205
     582.86    4322.20   762
     578.46    4331.60   4012
     581.58    4331.60   421
     580.32    4333.50   900
     588.08    4334.90   762
     578.26    4323.40   2380
     583.62    4334.10   852
     576.40    4326.90   2316
     574.87    4338.50   1000
     585.28    4320.80   1080
     583.04    4327.70   516
     583.17    4322.20   1073
     573.33    4333.60   1225
     573.32    4331.70   192
     575.80    4331.30   919
     585.82    4330.30   467
     577.50    4336.70   671
     588.23    4326.10   1164
     570.67    4333.30   714
     572.20    4339.50   500
     582.29    4328.60   211
     571.41    4336.10   1000
     577.56    4333.40   4000
     580.64    4337.10   830
     575.31    4322.20   1100
     584.95    4337.80   539
     572.81    4335.30   184
     579.62    4326.80   2237
     579.19    4337.80   978
     578.01    4333.80   1205
     588.42    4336.80   907
     579.56    4339.30   375
     588.72    4326.80   1050
     577.09    4322.00   6766
     580.66    4337.10   444
     587.95    4329.10   1143
     573.08    4339.60   1700
     572.34    4329.50   2144
     573.03    4332.50   492
     573.91    4333.70   206
     576.43    4327.90   295
     589.41    4325.60   539
     575.49    4333.50   5497
     584.69    4330.40   2210
     587.57    4327.00   933
     583.72    4324.50   750
     581.20    4338.30   539
     574.20    4335.20   582
     585.18    4330.00   1032
     573.81    4325.60   189
     572.41    4332.20   176
     585.32    4330.50   823
     580.11    4325.80   348
     585.90    4323.10   450
     579.89    4323.90   327
     577.61    4330.90   783
     576.86    4328.50   888
     572.67    4337.50   7273
     584.75    4325.50   390
     584.61    4327.40   858
     586.66    4333.30   1100
     584.68    4338.30   712
     575.90    4326.50   3482
     580.53    4338.30   1076
     585.58    4325.90   1900
     571.92    4328.00   297
     571.97    4335.40   149
     579.14    4334.00   1100
     579.17    4327.70   1255
     575.81    4325.70   3700
     588.26    4336.30   1283
     579.76    4338.80   381
     580.21    4327.90   239
     574.17    4330.70   1100
     582.50    4329.40   189
     583.89    4333.60   1055
     573.78    4339.50   1500
     583.46    4335.70   363
     581.09    4337.70   240
     574.14    4334.30   146
     574.00    4328.80   641
     574.23    4326.90   31
     585.83    4320.80   134
     574.75    4335.30   8692
     587.48    4334.40   327
     579.23    4329.00   7273
     586.84    4327.20   808
     571.29    4338.70   131
     588.10    4322.50   1350
     584.50    4324.40   530
     579.76    4332.00   404
     580.80    4333.10   200
     572.52    4329.80   87
     584.33    4326.00   750
     572.60    4331.50   348
     579.46    4332.70   1517
     578.71    4336.20   411
     579.88    4333.90   1039
     587.60    4336.50   1675
     583.75    4335.70   1200
     584.89    4327.90   321
     571.49    4338.30   787
     585.45    4329.10   442
     589.51    4320.90   850
     575.10    4324.00   1000
     577.49    4326.00   7273
     587.43    4323.90   1200
     571.32    4332.70   492
     580.15    4326.70   1107
     576.26    4336.30   3750
     578.05    4336.50   1050
     589.12    4332.00   348
     572.14    4330.20   565
     575.41    4329.40   267
     574.59    4339.90   88
     583.09    4329.80   372
     573.76    4331.20   1100
     587.41    4326.10   660
     579.16    4336.50   261
     583.14    4321.20   490
     583.04    4334.70   692
     578.73    4338.10   1356
     586.62    4321.00   1632
     574.23    4324.20   267
     576.73    4339.00   600
     583.67    4329.70   122
     580.84    4339.10   263
     585.20    4339.00   2144
     575.20    4335.90   4142
     573.40    4328.70   375
     587.11    4320.80   1561
     570.67    4335.30   212
     584.14    4337.80   289
     582.90    4322.60   311
     573.19    4325.80   886
     587.20    4325.40   1320
     571.22    4333.50   340
     573.61    4324.40   150
     583.32    4321.60   492
     576.78    4334.40   550
     589.81    4324.40   620
     581.67    4332.60   1958
     580.21    4327.30   492
     586.79    4332.20   50
     583.35    4337.40   1750
     572.26    4326.80   492
     575.92    4321.20   4224
     586.49    4330.90   1100
     581.91    4328.20   539
     582.83    4339.10   1560
     588.23    4328.10   800
     572.48    4339.80   738
     578.01    4338.60   641
     574.55    4328.70   283
     583.31    4338.40   2316
     583.02    4337.00   412
     589.29    4337.80   625
     584.20    4338.70   989
     584.91    4339.60   133
     580.83    4322.80   957
     572.99    4329.00   4760
     580.54    4323.50   440
     573.54    4329.40   249
     570.28    4331.30   162
     588.87    4337.40   527
     574.13    4329.90   157
     570.03    4332.00   492
     585.46    4337.50   561
     585.57    4327.00   412
     574.57    4331.80   167
     588.41    4335.60   298
     573.72    4335.90   500
     587.62    4335.50   1055
     572.92    4325.50   152
     580.09    4336.60   500
     573.22    4324.90   479
     576.93    4326.20   2144
     573.45    4336.60   500
     586.82    4331.60   900
     585.53    4339.70   3714
     583.81    4323.00   600
     582.81    4338.10   531
     588.97    4330.10   495
     575.80    4328.50   481
     585.60    4328.40   539
     588.10    4337.20   852
     582.39    4332.20   1750
     588.24    4333.00   603
     584.62    4337.30   1517
     575.51    4336.50   37
     580.10    4329.10   119
     581.68    4336.70   219
     581.73    4338.30   474
     575.21    4332.50   7773
     584.71    4333.60   1391
     571.19    4328.40   1750
     575.11    4328.40   260
     589.92    4323.10   1517
     576.28    4339.20   350
     582.17    4337.50   516
     584.83    4320.40   267
     584.25    4320.40   984
     588.43    4320.40   1762
     570.72    4330.20   754
     582.40    4336.70   539
     589.60    4334.30   582
     582.25    4329.80   298
     581.22    4323.10   500
     585.82    4339.10   124
     582.35    4327.40   746
     588.62    4329.20   146
     586.47    4334.50   227
     572.03    4337.00   55
     582.33    4331.30   2837
     589.52    4326.00   1409
     580.22    4322.00   467
     574.54    4333.00   130
     582.96    4339.60   256
     582.96    4324.40   1237
     584.16    4330.50   1848
     580.04    4324.90   675
     583.10    4326.40   746
     571.52    4329.10   285
     583.60    4327.60   1164
     581.13    4328.90   353
     581.46    4325.50   582
     587.24    4336.70   762
     574.95    4321.90   1476
     585.46    4337.00   492
     572.34    4333.70   111
     582.00    4330.70   1087
     581.46    4324.70   232
     578.67    4334.50   1200
     582.37    4325.50   1958
     580.90    4326.00   198
     582.05    4339.40   1347
     581.15    4336.40   1561
     574.13    4327.90   348
     570.85    4339.30   582
     583.60    4320.30   198
     583.07    4320.60   2530
     582.43    4326.30   696
     579.45    4321.60   1632
     589.81    4334.60   381
     579.03    4339.60   411
     585.45    4334.00   298
     581.95    4324.30   1000
     584.98    4324.10   500
     571.16    4337.20   350
     584.21    4339.60   10646
     586.17    4340.00   321
     589.72    4331.50   1426
     586.44    4335.20   1302
     586.47    4324.00   1200
     582.46    4339.90   1205
     583.33    4325.40   1517
     588.88    4338.60   947
     584.73    4331.20   762
     580.99    4330.80   492
     580.01    4339.90   193
     587.86    4320.30   467
     579.14    4335.60   919
     570.06    4333.70   1207
     578.64    4321.30   2400
     589.80    4337.70   440
     585.26    4322.50   500
     589.34    4335.40   298
     581.72    4334.20   581
     585.65    4335.00   30
     575.38    4340.00   325
     570.61    4329.10   203
     577.01    4339.80   1217
     581.15    4334.30   600
     585.79    4320.00   1719
     570.74    4327.80   2316
     585.95    4325.50   1195
     589.57    4336.40   1100
     581.78    4321.70   500
     578.14    4339.80   311
     589.53    4329.70   907
     586.78    4339.90   959
     570.36    4338.10   207
     584.39    4332.30   400
     570.26    4336.40   50
     589.21    4339.00   822
     570.32    4339.60   444
     589.41    4327.30   2000
     589.68    4333.50   933
     570.29    4324.80   1342
